001001011
001001101
001001110
001010011
001010101
001010110
001011001
001011010
001011011
001011100
001011101
001011110
001100011
001100101
001100110
001101001
001101010
001101011
001101100
001101101
001101110
001110001
001110010
001110011
001110100
001110101
001110110
010001011
010001101
010001110
010010011
010010101
010010110
010011001
010011010
010011011
010011100
010011101
010011110
010100011
010100101
010100110
010101001
010101010
010101011
010101100
010101101
010101110
010110001
010110010
010110011
010110100
010110101
010110110
011001001
011001010
011001011
011001100
011001101
011001110
011010001
011010010
011010011
011010100
011010101
011010110
011011001
011011010
011011100
011100001
011100010
011100011
011100100
011100101
011100110
011101001
011101010
011101100
011110001
011110010
011110100
100001011
100001101
100001110
100010011
100010101
100010110
100011001
100011010
100011011
100011100
100011101
100011110
100100011
100100101
100100110
100101001
100101010
100101011
100101100
100101101
100101110
100110001
100110010
100110011
100110100
100110101
100110110
101001001
101001010
101001011
101001100
101001101
101001110
101010001
101010010
101010011
101010100
101010101
101010110
101011001
101011010
101011100
101100001
101100010
101100011
101100100
101100101
101100110
101101001
101101010
101101100
101110001
101110010
101110100
110001001
110001010
110001011
110001100
110001101
110001110
110010001
110010010
110010011
110010100
110010101
110010110
110011001
110011010
110011100
110100001
110100010
110100011
110100100
110100101
110100110
110101001
110101010
110101100
110110001
110110010
110110100
