Depth: 2
Cost: 7.05556
Recursion Base: 2.65623
Invalid Count: 0
Starting Tree: Random Tree
Initial Temperature: 1
Cooling Rate: 0.999
Temperature Floor: 1e-18
Time: 54 sec
4,
2,0,
0,7,7,1,
3,1,8,0,8,6,3,3,
-999999,5,5,6,5,6,1,8,1,6,8,5,5,2,5,999999,
-999999,6,-999999,3,8,7,-999999,3,5,0,3,8,6,999999,-999999,2,2,3,2,3,3,999999,2,2,8,999999,8,999999,
7,7,-999999,8,5,7,8,999999,-999999,0,-999999,3,1,999999,-999999,5,6,999999,5,999999,-999999,5,-999999,1,5,999999,-999999,1,5,999999,2,999999,-999999,6,6,999999,6,6,7,7,
-999999,8,8,999999,7,7,-999999,3,5,999999,3,999999,1,999999,-999999,0,5,999999,-999999,8,3,999999,-999999,3,3,999999,-999999,5,1,999999,-999999,3,2,999999,-999999,1,8,8,8,7,-999999,7,7,999999,-999999,6,6,999999,
-999999,999999,-999999,999999,-999999,6,6,999999,-999999,999999,-999999,3,-999999,5,-999999,999999,1,999999,-999999,3,6,999999,-999999,5,-999999,999999,-999999,999999,3,999999,-999999,2,5,999999,-999999,1,-999999,999999,-999999,7,7,999999,-999999,7,8,999999,-999999,999999,-999999,999999,-999999,999999,-999999,999999,
-999999,999999,-999999,999999,-999999,999999,-999999,999999,-999999,999999,-999999,999999,-999999,999999,-999999,999999,-999999,999999,-999999,999999,-999999,999999,-999999,999999,-999999,999999,-999999,999999,-999999,999999,-999999,999999,