Depth: 2
Cost: 7.05556
Recursion Base: 2.65623
Invalid Count: 0
Starting Tree: Random Tree
Initial Temperature: 1
Cooling Rate: 0.999
Temperature Floor: 1e-16
Time: 48 sec
6,
0,2,
1,5,5,7,
7,2,8,2,4,4,1,1,
-999999,8,8,4,4,7,1,4,1,3,3,7,0,8,0,999999,
-999999,3,-999999,7,7,5,-999999,3,4,2,8,4,3,999999,-999999,0,0,7,1,7,8,999999,8,8,3,999999,4,999999,
5,4,-999999,4,5,8,3,999999,-999999,1,-999999,3,1,999999,-999999,7,3,999999,8,999999,-999999,7,-999999,1,8,999999,-999999,0,8,999999,1,999999,-999999,5,3,999999,5,4,5,5,
-999999,4,5,999999,3,3,-999999,3,3,999999,8,999999,2,999999,-999999,1,4,999999,-999999,4,8,999999,-999999,7,8,999999,-999999,8,1,999999,-999999,7,0,999999,-999999,0,3,4,4,4,-999999,4,5,999999,-999999,3,3,999999,
-999999,999999,-999999,999999,-999999,5,5,999999,-999999,999999,-999999,5,-999999,7,-999999,999999,2,999999,-999999,3,3,999999,-999999,7,-999999,999999,-999999,999999,7,999999,-999999,0,8,999999,-999999,1,-999999,999999,-999999,4,3,999999,-999999,5,5,999999,-999999,999999,-999999,999999,-999999,999999,-999999,999999,
-999999,999999,-999999,999999,-999999,999999,-999999,999999,-999999,999999,-999999,999999,-999999,999999,-999999,999999,-999999,999999,-999999,999999,-999999,999999,-999999,999999,-999999,999999,-999999,999999,-999999,999999,-999999,999999,