Depth: 2
Cost: 7.06173
Recursion Base: 2.65739
Invalid Count: 0
Starting Tree: Easy Tree
Initial Temperature: 1
Cooling Rate: 0.999
Temperature Floor: 1e-18
Time: 49 sec
2,
4,7,
3,5,3,6,
1,5,3,7,8,0,8,1,
-999999,0,0,8,1,6,0,6,4,6,1,4,4,1,0,999999,
-999999,6,-999999,1,6,6,-999999,0,7,7,6,1,8,999999,-999999,5,5,0,6,4,5,999999,5,3,0,999999,4,999999,
8,8,-999999,8,1,7,7,999999,-999999,7,1,8,8,999999,-999999,8,8,999999,1,999999,-999999,0,-999999,4,1,999999,-999999,8,5,999999,8,999999,-999999,3,5,0,3,999999,3,3,
-999999,7,7,999999,6,6,-999999,0,0,999999,1,999999,8,6,-999999,0,1,999999,1,999999,-999999,999999,-999999,6,-999999,0,1,999999,-999999,1,5,999999,-999999,5,8,999999,-999999,6,-999999,1,-999999,1,1,999999,4,5,-999999,5,5,999999,
-999999,999999,-999999,999999,-999999,7,7,999999,-999999,999999,-999999,1,-999999,0,-999999,6,8,999999,-999999,999999,-999999,0,-999999,0,-999999,999999,-999999,999999,-999999,999999,0,999999,-999999,4,4,999999,-999999,6,-999999,999999,0,999999,0,999999,-999999,999999,-999999,5,4,999999,-999999,999999,-999999,999999,
-999999,999999,-999999,999999,-999999,999999,-999999,999999,-999999,999999,-999999,999999,-999999,999999,-999999,999999,-999999,999999,-999999,999999,-999999,999999,-999999,999999,-999999,999999,-999999,999999,-999999,999999,-999999,999999,