Depth: 2
Cost: 7.0679
Recursion Base: 2.65855
Invalid Count: 0
Starting Tree: Random Tree
Initial Temperature: 1
Cooling Rate: 0.9992
Temperature Floor: 1e-18
Time: 18 sec
1,
4,5,
2,2,6,2,
3,0,3,0,8,7,0,4,
-999999,5,3,8,5,7,6,3,4,7,8,2,8,3,3,999999,
-999999,7,-999999,5,5,6,-999999,7,8,8,7,3,5,999999,-999999,3,3,0,3,0,0,999999,6,7,4,999999,6,999999,
8,8,-999999,7,6,3,7,999999,6,6,-999999,6,6,999999,-999999,8,5,8,8,999999,-999999,2,-999999,4,2,999999,-999999,4,2,999999,3,999999,-999999,7,6,3,6,999999,8,8,
-999999,6,6,999999,8,6,-999999,7,6,999999,5,999999,-999999,8,8,999999,-999999,999999,-999999,999999,-999999,3,-999999,8,7,999999,6,7,0,999999,-999999,2,4,999999,-999999,0,4,999999,-999999,4,-999999,4,-999999,4,4,999999,7,7,-999999,7,7,999999,
-999999,999999,-999999,999999,-999999,6,8,999999,-999999,999999,-999999,7,-999999,3,-999999,999999,-999999,999999,5,999999,7,999999,-999999,999999,-999999,7,6,999999,-999999,999999,0,999999,-999999,3,2,999999,-999999,3,-999999,999999,3,999999,3,999999,-999999,999999,-999999,8,8,999999,-999999,999999,-999999,999999,
-999999,999999,-999999,999999,-999999,999999,-999999,999999,-999999,999999,-999999,999999,-999999,999999,-999999,999999,-999999,999999,-999999,999999,-999999,999999,-999999,999999,-999999,999999,-999999,999999,-999999,999999,-999999,999999,