Depth: 2
Cost: 7.0679
Recursion Base: 2.65855
Invalid Count: 0
Starting Tree: Easy Tree
Initial Temperature: 1
Cooling Rate: 0.999
Temperature Floor: 1e-18
Time: 49 sec
4,
2,2,
0,5,6,0,
3,1,6,3,7,3,1,3,
-999999,5,5,3,8,8,8,1,1,8,5,7,8,3,5,999999,
-999999,8,-999999,3,7,5,-999999,7,7,1,6,7,0,999999,-999999,0,1,5,1,7,8,999999,6,6,5,999999,7,999999,
6,6,-999999,6,8,6,7,999999,-999999,0,-999999,0,0,999999,-999999,7,6,0,8,999999,-999999,5,-999999,0,3,999999,-999999,0,8,999999,0,999999,-999999,7,7,3,6,999999,6,6,
-999999,7,7,999999,7,7,-999999,6,8,999999,6,8,1,999999,1,999999,-999999,999999,-999999,0,-999999,0,1,999999,6,6,3,999999,-999999,5,1,999999,-999999,8,1,999999,-999999,1,-999999,3,-999999,3,5,999999,8,8,-999999,8,8,999999,
-999999,999999,-999999,999999,-999999,8,8,999999,-999999,999999,-999999,999999,-999999,8,6,999999,-999999,999999,-999999,999999,1,999999,1,999999,-999999,999999,-999999,7,7,999999,-999999,999999,3,999999,-999999,0,7,999999,-999999,0,-999999,999999,5,999999,5,999999,-999999,999999,-999999,7,7,999999,-999999,999999,-999999,999999,
-999999,999999,-999999,999999,-999999,999999,-999999,999999,-999999,999999,-999999,999999,-999999,999999,-999999,999999,-999999,999999,-999999,999999,-999999,999999,-999999,999999,-999999,999999,-999999,999999,-999999,999999,-999999,999999,