Depth: 2
Cost: 7.0679
Recursion Base: 2.65855
Invalid Count: 0
Starting Tree: Random Tree
Initial Temperature: 1
Cooling Rate: 0.999
Temperature Floor: 1e-16
Time: 48 sec
1,
4,0,
3,7,2,7,
0,5,2,6,5,7,6,8,
-999999,2,0,8,6,0,8,3,4,6,3,8,3,8,6,999999,
-999999,6,-999999,2,7,7,-999999,8,8,5,2,3,5,999999,-999999,3,8,3,5,4,6,999999,4,4,5,999999,3,999999,
7,7,-999999,7,2,6,6,999999,-999999,5,-999999,6,3,999999,-999999,0,5,999999,0,999999,-999999,7,-999999,7,4,8,6,4,5,999999,4,999999,-999999,5,5,999999,3,4,5,4,
-999999,8,8,999999,6,6,-999999,0,0,999999,2,999999,3,999999,-999999,5,8,999999,-999999,5,2,999999,-999999,2,8,8,-999999,3,-999999,8,7,999999,-999999,8,6,999999,8,999999,5,3,-999999,999999,-999999,999999,-999999,4,3,999999,-999999,4,5,999999,
-999999,999999,-999999,999999,-999999,8,8,999999,-999999,999999,-999999,2,-999999,0,-999999,999999,3,999999,-999999,6,3,999999,-999999,0,-999999,999999,-999999,6,6,999999,4,999999,7,999999,-999999,999999,-999999,999999,-999999,8,-999999,6,-999999,3,5,999999,-999999,999999,-999999,999999,-999999,999999,-999999,999999,
-999999,999999,-999999,999999,-999999,999999,-999999,999999,-999999,999999,-999999,999999,-999999,999999,-999999,999999,-999999,999999,-999999,999999,-999999,999999,-999999,999999,-999999,999999,-999999,999999,-999999,999999,-999999,999999,