Depth: 2
Cost: 7.0679
Recursion Base: 2.65855
Invalid Count: 0
Starting Tree: Random Tree
Initial Temperature: 1
Cooling Rate: 0.999
Temperature Floor: 1e-18
Time: 55 sec
2,
6,7,
1,1,3,6,
7,0,4,0,6,0,8,0,
-999999,8,8,8,5,5,5,7,4,8,1,4,3,0,1,999999,
-999999,3,-999999,7,4,7,-999999,3,3,8,4,8,8,999999,-999999,5,4,1,6,5,5,999999,5,5,1,999999,3,999999,
4,5,-999999,5,5,5,3,999999,-999999,7,-999999,8,7,999999,-999999,3,7,3,4,999999,-999999,0,-999999,5,0,999999,-999999,8,4,999999,6,999999,-999999,4,4,0,5,999999,5,5,
-999999,5,4,999999,3,4,-999999,3,3,999999,4,5,8,999999,7,999999,-999999,999999,-999999,8,-999999,4,4,999999,3,3,1,999999,-999999,1,5,999999,-999999,4,6,999999,-999999,8,-999999,0,-999999,0,1,999999,3,4,-999999,4,4,999999,
-999999,999999,-999999,999999,-999999,4,3,999999,-999999,999999,-999999,999999,-999999,5,4,999999,-999999,999999,-999999,999999,7,999999,3,999999,-999999,999999,-999999,5,5,999999,-999999,999999,0,999999,-999999,4,5,999999,-999999,8,-999999,999999,1,999999,1,999999,-999999,999999,-999999,4,3,999999,-999999,999999,-999999,999999,
-999999,999999,-999999,999999,-999999,999999,-999999,999999,-999999,999999,-999999,999999,-999999,999999,-999999,999999,-999999,999999,-999999,999999,-999999,999999,-999999,999999,-999999,999999,-999999,999999,-999999,999999,-999999,999999,