Depth: 2
Cost: 7.07407
Recursion Base: 2.65971
Invalid Count: 0
Starting Tree: Random Tree
Initial Temperature: 0.5
Cooling Rate: 0.999
Temperature Floor: 1e-18
Time: 23 sec
3,
2,0,
1,4,4,4,
5,0,8,5,5,6,5,2,
-999999,4,5,8,7,1,8,1,2,6,2,7,7,2,1,999999,
-999999,8,-999999,4,5,6,-999999,6,0,6,7,7,0,999999,-999999,1,2,8,8,1,8,999999,6,8,1,999999,6,999999,
7,6,-999999,6,7,4,7,999999,-999999,0,-999999,7,7,999999,-999999,6,6,1,7,999999,-999999,6,8,1,7,999999,-999999,7,7,999999,1,999999,-999999,8,6,1,8,999999,7,8,
-999999,6,7,999999,8,7,-999999,6,6,999999,5,999999,1,999999,6,999999,-999999,999999,-999999,0,-999999,0,0,999999,8,6,7,7,-999999,7,8,999999,2,999999,-999999,999999,-999999,8,-999999,2,-999999,1,-999999,1,2,999999,6,6,-999999,8,7,999999,
-999999,999999,-999999,999999,-999999,7,8,999999,-999999,999999,-999999,7,-999999,4,-999999,999999,-999999,999999,1,999999,1,999999,-999999,999999,-999999,6,8,999999,-999999,8,8,999999,-999999,999999,-999999,7,-999999,1,-999999,999999,-999999,999999,2,999999,2,999999,-999999,999999,-999999,7,7,999999,-999999,999999,-999999,999999,
-999999,999999,-999999,999999,-999999,999999,-999999,999999,-999999,999999,-999999,999999,-999999,999999,-999999,999999,-999999,999999,-999999,999999,-999999,999999,-999999,999999,-999999,999999,-999999,999999,-999999,999999,-999999,999999,