Depth: 2
Cost: 7.07407
Recursion Base: 2.65971
Invalid Count: 0
Starting Tree: Easy Tree
Initial Temperature: 1
Cooling Rate: 0.99
Temperature Floor: 1e-18
Time: 2 sec
7,
4,5,
6,8,1,3,
5,5,0,6,3,6,4,6,
-999999,3,8,8,2,3,1,5,0,4,8,0,6,8,8,999999,
-999999,0,-999999,0,3,3,-999999,1,5,1,0,5,3,999999,-999999,2,2,6,3,0,2,999999,8,2,6,999999,2,999999,
2,1,2,1,-999999,0,2,999999,-999999,3,-999999,2,2,999999,-999999,2,3,2,0,999999,-999999,8,-999999,0,8,999999,-999999,4,2,999999,4,999999,-999999,0,1,1,0,999999,0,0,
-999999,1,2,999999,-999999,1,2,999999,2,2,1,1,5,999999,1,999999,-999999,999999,-999999,5,-999999,2,0,999999,2,1,6,999999,-999999,6,0,999999,-999999,0,3,999999,-999999,3,1,1,-999999,0,0,999999,2,2,-999999,1,1,999999,
-999999,999999,-999999,999999,-999999,999999,-999999,999999,-999999,1,1,999999,-999999,0,0,999999,-999999,999999,-999999,999999,3,999999,0,999999,-999999,999999,-999999,1,2,999999,-999999,999999,8,999999,-999999,2,2,999999,-999999,4,-999999,999999,-999999,2,2,999999,-999999,999999,-999999,999999,-999999,1,1,999999,-999999,999999,-999999,999999,
-999999,999999,-999999,999999,-999999,999999,-999999,999999,-999999,999999,-999999,999999,-999999,999999,-999999,999999,-999999,999999,-999999,999999,-999999,999999,-999999,999999,-999999,999999,-999999,999999,-999999,999999,-999999,999999,