Depth: 2
Cost: 7.07407
Recursion Base: 2.65971
Invalid Count: 0
Starting Tree: Random Tree
Initial Temperature: 0.75
Cooling Rate: 0.999
Temperature Floor: 1e-18
Time: 28 sec
4,
5,2,
1,6,8,0,
0,8,8,8,1,5,1,5,
-999999,2,7,7,3,3,3,3,6,0,3,7,7,3,3,999999,
-999999,6,-999999,6,6,0,-999999,1,7,7,7,7,1,999999,-999999,7,7,5,0,6,6,999999,6,8,5,999999,8,999999,
8,8,-999999,2,-999999,2,2,999999,2,0,-999999,0,0,999999,-999999,2,0,999999,0,0,-999999,5,-999999,6,3,999999,-999999,1,7,999999,1,999999,-999999,8,6,5,7,999999,7,6,
-999999,7,7,999999,0,999999,0,999999,-999999,999999,-999999,0,2,999999,1,1,2,1,1,0,2,1,-999999,2,2,999999,3,999999,-999999,5,6,999999,-999999,7,0,999999,-999999,0,-999999,5,-999999,5,3,999999,8,6,-999999,6,7,999999,
-999999,999999,-999999,999999,-999999,999999,-999999,999999,-999999,999999,-999999,999999,-999999,2,2,999999,-999999,1,2,999999,-999999,0,1,999999,-999999,1,2,999999,-999999,999999,-999999,999999,-999999,999999,3,999999,-999999,7,6,999999,-999999,1,-999999,999999,3,999999,3,999999,-999999,999999,-999999,6,8,999999,-999999,999999,-999999,999999,
-999999,999999,-999999,999999,-999999,999999,-999999,999999,-999999,999999,-999999,999999,-999999,999999,-999999,999999,-999999,999999,-999999,999999,-999999,999999,-999999,999999,-999999,999999,-999999,999999,-999999,999999,-999999,999999,