Depth: 2
Cost: 7.08025
Recursion Base: 2.66087
Invalid Count: 0
Starting Tree: Easy Tree
Initial Temperature: 1
Cooling Rate: 0.999
Temperature Floor: 1e-18
Time: 49 sec
5,
0,3,
4,4,4,7,
1,3,2,3,0,2,0,6,
-999999,2,1,8,1,7,6,2,1,8,6,1,1,1,8,999999,
-999999,7,-999999,2,2,6,-999999,6,8,6,8,8,1,999999,-999999,2,7,2,8,8,0,999999,8,2,2,999999,2,999999,
6,6,-999999,6,7,1,7,999999,7,8,-999999,6,8,999999,-999999,7,7,2,8,999999,-999999,8,-999999,6,1,6,1,7,7,999999,7,999999,-999999,6,8,999999,8,999999,1,1,
-999999,8,8,999999,7,7,-999999,6,7,999999,2,999999,-999999,8,7,999999,-999999,999999,-999999,999999,-999999,2,-999999,1,1,999999,6,7,7,6,-999999,1,-999999,7,7,999999,-999999,0,0,999999,0,999999,6,8,-999999,999999,-999999,6,-999999,6,-999999,0,0,999999,
-999999,999999,-999999,999999,-999999,8,8,999999,-999999,999999,-999999,6,-999999,1,-999999,999999,-999999,999999,1,999999,2,999999,-999999,999999,-999999,7,6,999999,-999999,6,7,999999,2,999999,6,999999,-999999,999999,-999999,999999,-999999,1,-999999,1,-999999,8,6,999999,-999999,999999,-999999,999999,-999999,999999,-999999,999999,
-999999,999999,-999999,999999,-999999,999999,-999999,999999,-999999,999999,-999999,999999,-999999,999999,-999999,999999,-999999,999999,-999999,999999,-999999,999999,-999999,999999,-999999,999999,-999999,999999,-999999,999999,-999999,999999,