Depth: 2
Cost: 7.08025
Recursion Base: 2.66087
Invalid Count: 0
Starting Tree: Easy Tree
Initial Temperature: 1
Cooling Rate: 0.999
Temperature Floor: 1e-18
Time: 48 sec
5,
4,3,
2,7,6,2,
1,7,3,3,4,7,6,0,
-999999,0,8,0,8,2,0,6,7,1,8,4,8,8,1,999999,
-999999,7,-999999,6,1,8,-999999,6,8,1,2,6,8,999999,-999999,8,0,2,4,4,1,999999,1,7,7,999999,7,999999,
8,8,-999999,0,-999999,8,6,999999,-999999,2,0,6,0,999999,-999999,1,8,1,0,999999,-999999,1,8,2,0,999999,-999999,1,1,999999,2,2,-999999,0,1,999999,1,999999,6,6,
-999999,6,6,999999,1,999999,6,999999,-999999,999999,1,0,-999999,1,1,999999,8,999999,-999999,8,-999999,2,2,999999,2,2,2,0,-999999,7,8,999999,7,999999,0,0,0,0,-999999,0,0,999999,-999999,999999,-999999,0,-999999,0,-999999,8,8,999999,
-999999,999999,-999999,999999,-999999,999999,-999999,999999,-999999,0,1,999999,-999999,999999,-999999,0,-999999,6,6,999999,1,999999,-999999,999999,-999999,1,1,999999,-999999,0,2,999999,-999999,999999,-999999,7,-999999,8,-999999,2,2,999999,-999999,2,2,999999,-999999,999999,-999999,999999,-999999,999999,-999999,999999,-999999,999999,-999999,999999,
-999999,999999,-999999,999999,-999999,999999,-999999,999999,-999999,999999,-999999,999999,-999999,999999,-999999,999999,-999999,999999,-999999,999999,-999999,999999,-999999,999999,-999999,999999,-999999,999999,-999999,999999,-999999,999999,