Depth: 2
Cost: 7.18518
Recursion Base: 2.68052
Invalid Count: 0
Starting Tree: Easy
Initial Temperature: 1
Cooling Rate: 0.999
Temperature Floor: 0.0001
Time: 3 sec
0,
8,
4,2,
6,5,1,7,
1,7,3,6,6,7,6,999999,
5,5,5,2,6,2,1,1,7,4,6,999999,4,999999,
-999999,3,-999999,3,-999999,3,1,999999,-999999,7,1,999999,2,999999,7,999999,-999999,5,3,3,5,999999,5,5,
-999999,2,-999999,999999,-999999,1,3,999999,-999999,1,7,999999,-999999,999999,3,999999,3,3,-999999,5,5,999999,4,4,-999999,3,3,999999,
-999999,999999,2,999999,-999999,5,2,999999,-999999,6,2,2,-999999,4,4,999999,-999999,999999,-999999,999999,-999999,3,3,999999,-999999,999999,-999999,999999,
-999999,999999,-999999,999999,-999999,999999,-999999,999999,-999999,999999,-999999,999999,-999999,999999,-999999,999999,-999999,999999,-999999,999999,