Depth: 2
Cost: 7.04938
Recursion Base: 2.65507
Invalid Count: 0
Starting Tree: Easy Tree
Initial Temperature: 1
Cooling Rate: 0.999
Temperature Floor: 1e-18
Time: 16 sec
0,
8,
3,7,
4,4,6,1,
6,5,5,1,4,2,2,999999,
-999999,7,6,1,7,2,2,999999,3,1,1,999999,5,999999,
-999999,2,-999999,7,2,999999,-999999,6,1,999999,6,999999,-999999,5,2,3,3,999999,4,4,
1,999999,-999999,1,7,999999,-999999,2,7,999999,-999999,7,-999999,1,-999999,3,5,999999,5,4,-999999,3,3,999999,
-999999,999999,2,999999,-999999,6,1,999999,-999999,6,-999999,999999,2,999999,5,999999,-999999,999999,-999999,4,5,999999,-999999,999999,-999999,999999,
-999999,999999,-999999,999999,-999999,999999,-999999,999999,-999999,999999,-999999,999999,-999999,999999,-999999,999999,