Depth: 2
Cost: 7.04938
Recursion Base: 2.65507
Invalid Count: 0
Starting Tree: Random Tree
Initial Temperature: 1
Cooling Rate: 0.999
Temperature Floor: 1e-18
Time: 12 sec
0,
4,
7,5,
5,6,3,2,
6,3,8,2,8,1,1,999999,
-999999,8,8,2,3,1,1,999999,7,2,2,999999,6,999999,
-999999,2,-999999,6,1,999999,-999999,5,2,999999,3,999999,-999999,6,1,7,7,999999,8,8,
1,999999,-999999,2,8,999999,-999999,1,3,999999,-999999,5,-999999,2,-999999,7,6,999999,8,6,-999999,7,7,999999,
-999999,999999,1,999999,-999999,6,2,999999,-999999,5,-999999,999999,1,999999,6,999999,-999999,999999,-999999,6,8,999999,-999999,999999,-999999,999999,
-999999,999999,-999999,999999,-999999,999999,-999999,999999,-999999,999999,-999999,999999,-999999,999999,-999999,999999,