Depth: 2
Cost: 7.04938
Recursion Base: 2.65507
Invalid Count: 0
Starting Tree: Easy Tree
Initial Temperature: 1
Cooling Rate: 0.999
Temperature Floor: 1e-18
Time: 15 sec
0,
8,
5,2,
3,3,1,6,
6,4,4,1,3,7,7,999999,
-999999,7,7,1,6,1,2,999999,5,5,6,999999,3,999999,
-999999,2,-999999,6,2,999999,-999999,7,2,999999,6,999999,-999999,4,4,6,4,999999,5,4,
1,999999,-999999,2,6,999999,-999999,1,6,999999,-999999,7,-999999,6,-999999,6,7,999999,3,3,-999999,4,5,999999,
-999999,999999,1,999999,-999999,7,2,999999,-999999,7,-999999,999999,7,999999,7,999999,-999999,999999,-999999,5,5,999999,-999999,999999,-999999,999999,
-999999,999999,-999999,999999,-999999,999999,-999999,999999,-999999,999999,-999999,999999,-999999,999999,-999999,999999,