Depth: 2
Cost: 7.04938
Recursion Base: 2.65507
Invalid Count: 0
Starting Tree: Easy Tree
Initial Temperature: 1
Cooling Rate: 0.999
Temperature Floor: 1e-18
Time: 15 sec
0,
8,
4,2,
5,5,1,6,
6,3,3,2,5,7,7,999999,
-999999,7,6,2,7,2,1,999999,3,6,6,999999,3,999999,
-999999,2,-999999,7,1,999999,-999999,6,1,999999,6,999999,-999999,4,7,3,4,999999,5,4,
1,999999,-999999,1,6,999999,-999999,1,6,999999,-999999,7,-999999,7,-999999,3,4,999999,5,5,-999999,4,5,999999,
-999999,999999,2,999999,-999999,7,2,999999,-999999,7,-999999,999999,6,999999,4,999999,-999999,999999,-999999,3,3,999999,-999999,999999,-999999,999999,
-999999,999999,-999999,999999,-999999,999999,-999999,999999,-999999,999999,-999999,999999,-999999,999999,-999999,999999,