Depth: 2
Cost: 7.06173
Recursion Base: 2.65739
Invalid Count: 0
Starting Tree: Easy Tree
Initial Temperature: 1
Cooling Rate: 0.999
Temperature Floor: 0.0001
Time: 3 sec
0,
8,
3,7,
4,5,6,1,
7,5,4,1,1,1,2,999999,
-999999,6,6,2,6,1,2,999999,2,5,2,999999,3,999999,
-999999,1,-999999,7,1,999999,-999999,7,2,999999,7,999999,-999999,5,3,3,4,999999,4,5,
2,999999,-999999,1,6,999999,-999999,1,7,999999,-999999,6,4,4,-999999,4,4,999999,3,5,-999999,5,4,999999,
-999999,999999,2,999999,-999999,7,2,999999,-999999,6,-999999,999999,-999999,3,3,999999,-999999,999999,-999999,999999,-999999,5,3,999999,-999999,999999,-999999,999999,
-999999,999999,-999999,999999,-999999,999999,-999999,999999,-999999,999999,-999999,999999,-999999,999999,-999999,999999,