Depth: 2
Cost: 7.07407
Recursion Base: 2.65971
Invalid Count: 0
Starting Tree: Naive Random Tree
Initial Temperature: 1
Cooling Rate: 0.999
Temperature Floor: 1e-18
Time: 13 sec
0,
1,
2,6,
8,7,5,8,
7,3,5,8,4,3,7,999999,
-999999,6,5,5,8,3,6,999999,8,3,4,999999,5,999999,
-999999,3,-999999,4,4,6,4,6,4,999999,4,999999,-999999,7,8,999999,7,999999,3,4,
5,5,-999999,6,-999999,6,7,999999,-999999,3,4,999999,8,999999,5,3,-999999,999999,-999999,7,-999999,8,-999999,4,3,999999,
-999999,4,4,999999,7,999999,7,999999,-999999,999999,-999999,999999,-999999,3,-999999,6,-999999,3,5,999999,-999999,999999,-999999,999999,-999999,999999,-999999,999999,
-999999,999999,-999999,999999,-999999,999999,-999999,999999,-999999,999999,-999999,999999,-999999,999999,-999999,999999,