Depth: 2
Cost: 7.09877
Recursion Base: 2.66435
Invalid Count: 0
Starting Tree: Random Tree
Initial Temperature: 1
Cooling Rate: 0.999
Temperature Floor: 1e-18
Time: 13 sec
0,
8,
2,6,
1,7,1,2,
6,4,4,6,2,7,1,999999,
-999999,7,5,3,3,5,5,999999,7,7,5,999999,3,999999,
-999999,3,6,3,5,999999,-999999,5,3,999999,4,3,-999999,4,3,999999,3,4,5,4,
5,4,-999999,7,7,999999,7,999999,-999999,999999,-999999,999999,-999999,3,4,999999,3,5,5,5,-999999,4,3,999999,-999999,4,5,999999,
-999999,4,5,999999,-999999,999999,-999999,6,-999999,6,-999999,999999,-999999,999999,-999999,5,3,999999,-999999,4,4,999999,-999999,999999,-999999,999999,-999999,999999,-999999,999999,
-999999,999999,-999999,999999,-999999,999999,-999999,999999,-999999,999999,-999999,999999,-999999,999999,-999999,999999,