Depth: 2
Cost: 7.08025
Recursion Base: 2.66087
Invalid Count: 0
Starting Tree: Random Tree
Initial Temperature: 1
Cooling Rate: 0.99999
Temperature Floor: 1e-05
Time: 1954 sec
7,
1,0,
2,2,2,6,
6,8,0,5,4,1,8,1,
-999999,8,0,0,8,5,6,3,3,3,5,8,4,2,2,999999,
-999999,3,-999999,5,6,6,-999999,6,6,3,4,8,4,999999,-999999,5,5,6,3,3,6,999999,5,1,1,999999,4,999999,
4,5,4,3,-999999,4,5,999999,-999999,4,3,8,4,999999,-999999,3,3,999999,6,999999,-999999,8,-999999,6,8,999999,-999999,4,4,8,4,999999,-999999,3,2,3,3,999999,5,5,
-999999,5,4,999999,-999999,3,4,999999,5,3,3,4,3,3,-999999,4,3,999999,6,999999,-999999,999999,-999999,4,-999999,8,6,999999,8,999999,-999999,999999,-999999,8,-999999,8,6,999999,5,3,-999999,2,-999999,5,5,999999,5,5,-999999,3,3,999999,
-999999,999999,-999999,999999,-999999,999999,-999999,999999,-999999,3,5,999999,-999999,4,3,999999,-999999,5,5,999999,-999999,999999,-999999,4,-999999,8,-999999,999999,-999999,999999,-999999,999999,-999999,999999,6,999999,6,999999,-999999,999999,-999999,3,5,999999,1,999999,3,999999,-999999,999999,-999999,4,4,999999,-999999,999999,-999999,999999,
-999999,999999,-999999,999999,-999999,999999,-999999,999999,-999999,999999,-999999,999999,-999999,999999,-999999,999999,-999999,999999,-999999,999999,-999999,999999,-999999,999999,-999999,999999,-999999,999999,-999999,999999,-999999,999999,