Depth: 2
Cost: 7.11728
Recursion Base: 2.66782
Invalid Count: 0
Starting Tree: Random Tree
Initial Temperature: 1
Cooling Rate: 0.9999
Temperature Floor: 1e-05
Time: 198 sec
5,
0,4,
1,3,1,6,
3,2,6,4,3,7,8,7,
-999999,4,3,7,8,8,7,2,2,7,3,3,0,7,8,999999,
-999999,8,-999999,4,4,8,-999999,7,7,1,8,2,1,999999,-999999,0,6,8,8,0,8,6,2,1,0,999999,0,999999,
7,6,-999999,6,6,3,6,999999,-999999,1,-999999,1,2,999999,-999999,6,1,6,8,999999,-999999,6,0,8,6,999999,-999999,6,2,999999,6,2,0,999999,-999999,1,2,999999,2,2,1,2,
-999999,6,7,999999,7,8,-999999,8,8,999999,4,999999,2,999999,2,999999,-999999,999999,-999999,2,-999999,8,8,999999,7,6,8,7,-999999,2,2,999999,2,999999,-999999,0,8,999999,-999999,0,0,999999,8,999999,-999999,999999,-999999,999999,-999999,1,1,999999,-999999,2,1,999999,
-999999,999999,-999999,999999,-999999,8,7,999999,-999999,999999,-999999,6,-999999,3,-999999,999999,-999999,999999,1,999999,6,999999,-999999,999999,-999999,6,7,999999,-999999,7,8,999999,-999999,999999,-999999,0,-999999,0,2,999999,-999999,6,2,999999,-999999,999999,2,999999,-999999,999999,-999999,999999,-999999,999999,-999999,999999,
-999999,999999,-999999,999999,-999999,999999,-999999,999999,-999999,999999,-999999,999999,-999999,999999,-999999,999999,-999999,999999,-999999,999999,-999999,999999,-999999,999999,-999999,999999,-999999,999999,-999999,999999,-999999,999999,