Depth: 2
Cost: 7.12346
Recursion Base: 2.66898
Invalid Count: 0
Starting Tree: Easy Tree
Initial Temperature: 1
Cooling Rate: 0.999
Temperature Floor: 1e-05
Time: 19 sec
3,
8,0,
6,7,7,4,
4,1,6,1,6,5,5,2,
-999999,5,7,7,4,0,5,0,2,5,4,8,8,2,1,999999,
-999999,0,2,2,4,2,-999999,5,5,1,0,4,2,999999,-999999,1,4,8,1,8,6,999999,7,6,1,999999,7,999999,
2,1,-999999,0,5,0,-999999,5,0,999999,-999999,1,1,4,2,999999,-999999,2,2,999999,5,999999,-999999,5,8,8,1,999999,-999999,2,6,999999,1,999999,-999999,6,7,1,6,999999,8,6,
-999999,1,2,999999,-999999,4,-999999,4,4,999999,-999999,2,5,999999,0,0,-999999,2,1,999999,4,999999,-999999,999999,-999999,0,-999999,4,4,999999,-999999,2,1,999999,-999999,2,-999999,6,1,999999,-999999,2,-999999,2,-999999,1,2,999999,7,7,-999999,6,8,999999,
-999999,999999,-999999,999999,-999999,5,-999999,999999,-999999,5,0,999999,-999999,4,-999999,2,2,999999,-999999,999999,-999999,2,-999999,5,-999999,999999,-999999,999999,-999999,999999,-999999,1,-999999,2,-999999,999999,8,999999,-999999,2,-999999,999999,1,999999,2,999999,-999999,999999,-999999,8,8,999999,-999999,999999,-999999,999999,
-999999,999999,-999999,999999,-999999,999999,-999999,999999,-999999,999999,-999999,999999,-999999,999999,-999999,999999,-999999,999999,-999999,999999,-999999,999999,-999999,999999,-999999,999999,-999999,999999,-999999,999999,-999999,999999,