Depth: 2
Cost: 7.16049
Recursion Base: 2.67591
Invalid Count: 0
Starting Tree: Random Tree
Initial Temperature: 1
Cooling Rate: 0.999
Temperature Floor: 1e-05
Time: 19 sec
4,
5,1,
7,0,8,7,
6,1,3,3,0,7,0,8,
-999999,8,0,8,2,8,8,2,7,2,5,5,2,3,6,2,
-999999,2,-999999,2,6,2,-999999,1,1,7,6,6,1,999999,-999999,6,7,5,3,6,3,999999,8,5,5,999999,3,5,5,999999,
1,0,-999999,8,-999999,2,0,999999,-999999,8,7,2,6,999999,-999999,7,7,2,7,999999,-999999,3,-999999,6,3,999999,2,6,2,999999,2,999999,-999999,6,3,999999,8,999999,5,0,3,999999,3,999999,
-999999,0,1,999999,6,999999,0,999999,-999999,999999,7,6,-999999,6,7,999999,1,999999,-999999,1,-999999,1,1,999999,8,6,5,999999,-999999,3,6,999999,-999999,6,2,999999,-999999,0,-999999,0,-999999,3,8,999999,-999999,6,-999999,2,2,999999,0,999999,0,999999,
-999999,999999,-999999,999999,-999999,999999,-999999,999999,-999999,6,7,999999,-999999,999999,-999999,6,-999999,2,2,999999,2,999999,-999999,999999,-999999,6,8,999999,-999999,999999,5,999999,-999999,7,-999999,0,-999999,0,-999999,999999,-999999,999999,5,999999,-999999,6,-999999,999999,0,999999,-999999,999999,2,999999,-999999,999999,
-999999,999999,-999999,999999,-999999,999999,-999999,999999,-999999,999999,-999999,999999,-999999,999999,-999999,999999,-999999,999999,-999999,999999,-999999,999999,-999999,999999,-999999,999999,-999999,999999,-999999,999999,-999999,999999,