Depth: 2
Cost: 7.51852
Recursion Base: 2.74199
Invalid Count: 0
Starting Tree: Eval Random Tree
Initial Temperature: 1
Cooling Rate: 0.9999
Temperature Floor: 0.001
Time: 104 sec
0,
1,1,
8,2,2,6,
4,2,6,6,8,4,5,7,
5,2,5,5,8,8,3,7,6,7,5,3,8,3,8,999999,
-999999,7,6,7,4,4,3,3,-999999,5,7,7,5,4,8,999999,-999999,7,6,3,7,6,8,999999,3,7,7,999999,5,999999,
-999999,6,-999999,7,-999999,6,-999999,7,6,3,-999999,7,4,6,3,4,-999999,5,5,5,7,8,5,999999,3,999999,-999999,3,-999999,4,5,6,8,6,3,8,5,6,-999999,4,4,999999,4,2,4,3,
-999999,2,-999999,3,-999999,3,3,3,7,3,7,7,4,4,-999999,7,4,999999,-999999,4,7,3,4,3,4,3,4,4,-999999,8,7,4,8,999999,5,5,5,4,3,5,-999999,4,5,4,-999999,6,3,999999,7,999999,3,999999,7,999999,7,999999,-999999,999999,-999999,2,-999999,999999,8,4,-999999,3,4,999999,
3,3,5,999999,5,999999,-999999,6,-999999,999999,-999999,3,-999999,999999,6,999999,6,999999,-999999,6,-999999,999999,6,999999,7,7,-999999,7,-999999,3,7,7,-999999,3,4,999999,-999999,3,4,999999,-999999,3,3,999999,-999999,999999,4,4,7,999999,-999999,7,-999999,4,4,999999,-999999,4,5,999999,-999999,5,3,999999,-999999,999999,4,999999,5,999999,-999999,999999,8,8,-999999,8,7,999999,-999999,6,5,999999,3,3,4,999999,8,999999,-999999,999999,-999999,999999,
-999999,999999,-999999,999999,-999999,999999,-999999,999999,-999999,999999,-999999,999999,-999999,999999,-999999,999999,-999999,999999,-999999,999999,-999999,999999,-999999,999999,-999999,999999,-999999,999999,-999999,999999,-999999,999999,-999999,999999,-999999,999999,-999999,999999,-999999,999999,-999999,999999,-999999,999999,-999999,999999,-999999,999999,-999999,999999,-999999,999999,-999999,999999,-999999,999999,-999999,999999,-999999,999999,-999999,999999,-999999,999999,-999999,999999,-999999,999999,-999999,999999,-999999,999999,-999999,999999,-999999,999999,-999999,999999,-999999,999999,-999999,999999,-999999,999999,-999999,999999,-999999,999999,