Depth: 2
Cost: 7.54321
Recursion Base: 2.74649
Invalid Count: 0
Starting Tree: Eval Random Tree
Initial Temperature: 1
Cooling Rate: 0.999
Temperature Floor: 0.001
Time: 11 sec
6,
5,4,
8,8,3,5,
3,4,3,7,0,5,3,7,
-999999,4,7,7,2,1,3,1,1,7,7,1,8,8,8,999999,
-999999,1,-999999,3,0,1,1,1,4,0,4,0,4,3,-999999,5,5,1,8,1,8,0,2,1,1,999999,1,999999,
0,2,0,1,3,1,3,3,-999999,7,0,4,7,7,4,999999,-999999,0,4,4,3,999999,0,999999,7,2,2,1,2,999999,-999999,0,2,2,7,999999,2,999999,0,7,0,2,7,0,3,0,
-999999,2,0,999999,1,2,0,2,-999999,1,3,3,2,999999,0,999999,0,4,-999999,4,-999999,999999,0,2,0,0,2,2,1,1,2,2,2,1,2,999999,2,999999,8,2,-999999,8,8,8,2,2,-999999,999999,2,1,-999999,0,0,999999,2,999999,8,999999,-999999,7,-999999,0,-999999,2,0,999999,2,999999,2,999999,0,2,2,999999,
-999999,999999,-999999,999999,-999999,2,1,999999,-999999,2,0,999999,-999999,2,-999999,2,-999999,999999,-999999,0,2,999999,-999999,4,-999999,0,-999999,999999,-999999,2,-999999,0,-999999,2,-999999,2,-999999,999999,-999999,999999,-999999,2,2,999999,-999999,1,-999999,1,1,999999,2,999999,-999999,0,4,999999,-999999,2,-999999,999999,7,999999,-999999,1,-999999,999999,-999999,8,8,8,-999999,1,2,999999,-999999,999999,-999999,999999,-999999,0,7,999999,-999999,1,1,999999,-999999,999999,-999999,999999,-999999,0,7,999999,-999999,2,-999999,0,-999999,999999,
-999999,999999,-999999,999999,-999999,999999,-999999,999999,-999999,999999,-999999,999999,-999999,999999,-999999,999999,-999999,999999,-999999,999999,-999999,999999,-999999,999999,-999999,999999,-999999,999999,-999999,999999,-999999,999999,-999999,999999,-999999,999999,-999999,999999,-999999,999999,-999999,999999,-999999,999999,-999999,999999,-999999,999999,-999999,999999,-999999,999999,-999999,999999,-999999,999999,-999999,999999,-999999,999999,-999999,999999,-999999,999999,-999999,999999,-999999,999999,-999999,999999,-999999,999999,-999999,999999,-999999,999999,