Depth: 2
Cost: 7.06173
Recursion Base: 2.65739
Invalid Count: 0
Starting Tree: Random Tree
Initial Temperature: 1
Cooling Rate: 0.999999
Temperature Floor: 1e-05
Time: 16379 sec
7,
3,0,
8,8,5,2,
4,6,2,6,4,6,1,6,
-999999,5,4,2,1,5,2,5,2,3,8,3,3,8,8,999999,
-999999,0,-999999,5,4,1,-999999,0,4,1,1,1,4,999999,-999999,1,2,6,2,4,4,999999,4,8,6,999999,3,999999,
1,1,-999999,2,0,5,0,999999,-999999,5,-999999,1,0,999999,-999999,0,0,5,1,999999,-999999,8,-999999,1,8,999999,-999999,1,3,999999,2,999999,-999999,5,6,5,5,999999,5,4,
-999999,2,2,999999,0,0,-999999,1,0,999999,5,999999,4,999999,0,999999,-999999,999999,-999999,5,-999999,5,4,999999,2,0,6,999999,-999999,6,2,999999,-999999,4,2,999999,-999999,1,-999999,6,-999999,4,4,999999,3,3,-999999,4,5,999999,
-999999,999999,-999999,999999,-999999,1,1,999999,-999999,999999,-999999,1,-999999,4,-999999,999999,-999999,999999,4,999999,4,999999,-999999,999999,-999999,0,2,999999,-999999,999999,8,999999,-999999,1,3,999999,-999999,1,-999999,999999,8,999999,5,999999,-999999,999999,-999999,4,4,999999,-999999,999999,-999999,999999,
-999999,999999,-999999,999999,-999999,999999,-999999,999999,-999999,999999,-999999,999999,-999999,999999,-999999,999999,-999999,999999,-999999,999999,-999999,999999,-999999,999999,-999999,999999,-999999,999999,-999999,999999,-999999,999999,