Depth: 2
Cost: 7.06173
Recursion Base: 2.65739
Invalid Count: 0
Starting Tree: Random Tree
Initial Temperature: 1
Cooling Rate: 0.999
Temperature Floor: 1e-16
Time: 54 sec
2,
0,5,
5,1,6,1,
3,6,8,7,4,8,0,4,
-999999,4,7,3,7,3,4,6,8,3,7,0,7,4,3,999999,
-999999,8,-999999,8,4,8,-999999,6,5,7,5,3,8,999999,-999999,7,8,1,3,1,1,999999,8,3,3,999999,6,999999,
6,6,-999999,4,-999999,8,7,999999,-999999,4,-999999,4,6,5,8,3,5,999999,5,999999,-999999,0,-999999,7,0,999999,-999999,4,0,999999,3,999999,-999999,6,4,6,6,999999,8,7,
-999999,7,7,999999,3,999999,7,999999,-999999,999999,3,5,-999999,6,-999999,5,4,999999,-999999,6,6,999999,6,999999,4,4,1,999999,-999999,0,7,999999,-999999,1,3,999999,-999999,4,-999999,4,-999999,6,8,999999,7,7,-999999,7,8,999999,
-999999,999999,-999999,999999,-999999,999999,-999999,999999,-999999,5,3,999999,7,999999,4,999999,-999999,999999,-999999,999999,-999999,8,-999999,8,-999999,3,3,999999,-999999,999999,1,999999,-999999,8,0,999999,-999999,4,-999999,999999,3,999999,8,999999,-999999,999999,-999999,8,8,999999,-999999,999999,-999999,999999,
-999999,999999,-999999,999999,-999999,999999,-999999,999999,-999999,999999,-999999,999999,-999999,999999,-999999,999999,-999999,999999,-999999,999999,-999999,999999,-999999,999999,-999999,999999,-999999,999999,-999999,999999,-999999,999999,