Depth: 2
Cost: 7.06173
Recursion Base: 2.65739
Invalid Count: 0
Starting Tree: Easy Tree
Initial Temperature: 1
Cooling Rate: 0.99999
Temperature Floor: 1e-05
Time: 2096 sec
2,
5,0,
4,7,1,6,
1,3,8,3,5,4,4,7,
-999999,0,1,8,0,6,4,8,4,7,7,5,5,5,8,999999,
-999999,6,-999999,0,1,6,-999999,1,0,4,0,6,6,999999,-999999,3,6,6,8,8,3,999999,7,3,3,999999,5,999999,
7,8,-999999,8,7,0,7,999999,-999999,4,-999999,1,3,999999,-999999,1,8,999999,0,999999,-999999,8,-999999,8,8,4,3,6,6,999999,6,999999,-999999,8,7,999999,8,999999,4,3,
-999999,8,7,999999,6,7,-999999,6,7,999999,1,999999,3,999999,-999999,3,0,999999,-999999,8,1,999999,-999999,1,7,6,-999999,4,-999999,3,3,999999,-999999,5,3,999999,5,999999,8,8,-999999,999999,-999999,8,-999999,7,-999999,3,4,999999,
-999999,999999,-999999,999999,-999999,7,6,999999,-999999,999999,-999999,6,-999999,0,-999999,999999,4,999999,-999999,1,6,999999,-999999,0,-999999,999999,-999999,6,7,999999,3,999999,4,999999,-999999,999999,-999999,999999,-999999,5,-999999,3,-999999,7,7,999999,-999999,999999,-999999,999999,-999999,999999,-999999,999999,
-999999,999999,-999999,999999,-999999,999999,-999999,999999,-999999,999999,-999999,999999,-999999,999999,-999999,999999,-999999,999999,-999999,999999,-999999,999999,-999999,999999,-999999,999999,-999999,999999,-999999,999999,-999999,999999,