Depth: 2
Cost: 7.06173
Recursion Base: 2.65739
Invalid Count: 0
Starting Tree: Easy Tree
Initial Temperature: 1
Cooling Rate: 0.99999
Temperature Floor: 1e-05
Time: 1170 sec
2,
5,6,
1,8,0,7,
3,0,7,6,1,3,8,1,
-999999,4,4,7,0,6,7,4,8,4,5,4,4,0,0,999999,
-999999,7,-999999,3,6,8,-999999,1,0,3,0,3,3,999999,-999999,7,3,5,7,4,5,999999,3,5,1,999999,5,999999,
6,8,-999999,7,3,8,6,999999,-999999,3,-999999,1,4,999999,-999999,1,4,999999,0,999999,-999999,4,7,5,3,999999,-999999,8,7,999999,7,999999,-999999,5,3,1,3,999999,4,3,
-999999,8,6,999999,8,6,-999999,4,4,999999,3,999999,4,999999,-999999,3,0,999999,-999999,4,1,999999,-999999,1,3,3,-999999,8,8,999999,8,999999,-999999,999999,-999999,8,-999999,8,-999999,0,-999999,0,0,999999,5,4,-999999,3,4,999999,
-999999,999999,-999999,999999,-999999,6,8,999999,-999999,999999,-999999,3,-999999,4,-999999,999999,4,999999,-999999,1,3,999999,-999999,0,-999999,999999,-999999,5,5,999999,-999999,999999,-999999,7,-999999,7,-999999,999999,-999999,999999,1,999999,1,999999,-999999,999999,-999999,4,5,999999,-999999,999999,-999999,999999,
-999999,999999,-999999,999999,-999999,999999,-999999,999999,-999999,999999,-999999,999999,-999999,999999,-999999,999999,-999999,999999,-999999,999999,-999999,999999,-999999,999999,-999999,999999,-999999,999999,-999999,999999,-999999,999999,