Depth: 2
Cost: 7.0679
Recursion Base: 2.65855
Invalid Count: 0
Starting Tree: Random Tree
Initial Temperature: 1
Cooling Rate: 0.99999
Temperature Floor: 1e-05
Time: 1140 sec
5,
4,8,
1,6,1,7,
2,6,3,8,2,3,6,4,
-999999,0,8,2,8,1,3,3,7,0,4,2,0,4,3,999999,
-999999,7,-999999,7,0,7,-999999,7,8,2,7,7,1,999999,-999999,6,6,4,6,0,0,999999,1,4,3,999999,1,999999,
6,8,-999999,0,-999999,7,8,999999,-999999,1,2,7,0,999999,-999999,0,2,999999,2,0,-999999,4,-999999,7,3,999999,-999999,7,2,999999,7,999999,-999999,2,3,1,2,999999,0,2,
-999999,8,6,999999,2,999999,8,999999,-999999,999999,0,2,-999999,0,2,999999,7,999999,1,2,1,0,-999999,0,2,999999,3,999999,-999999,4,7,999999,-999999,0,6,999999,-999999,6,-999999,3,-999999,2,2,999999,1,0,-999999,2,0,999999,
-999999,999999,-999999,999999,-999999,999999,-999999,999999,-999999,2,0,999999,-999999,999999,-999999,0,-999999,8,-999999,2,1,999999,-999999,0,1,999999,-999999,999999,-999999,999999,-999999,999999,3,999999,-999999,6,2,999999,-999999,7,-999999,999999,4,999999,1,999999,-999999,999999,-999999,0,1,999999,-999999,999999,-999999,999999,
-999999,999999,-999999,999999,-999999,999999,-999999,999999,-999999,999999,-999999,999999,-999999,999999,-999999,999999,-999999,999999,-999999,999999,-999999,999999,-999999,999999,-999999,999999,-999999,999999,-999999,999999,-999999,999999,