Depth: 2
Cost: 7.07407
Recursion Base: 2.65971
Invalid Count: 0
Starting Tree: Random Tree
Initial Temperature: 1
Cooling Rate: 0.9999
Temperature Floor: 0.0001
Time: 139 sec
6,
0,0,
8,8,4,7,
1,7,3,1,3,8,1,1,
-999999,2,2,3,5,1,7,7,2,5,7,3,8,8,2,999999,
-999999,5,-999999,1,5,5,-999999,4,2,5,2,2,3,999999,-999999,1,1,8,2,3,5,999999,2,2,4,999999,3,999999,
4,4,-999999,5,2,4,4,999999,-999999,2,-999999,4,4,999999,-999999,4,3,999999,4,4,-999999,7,-999999,2,7,999999,-999999,1,5,999999,1,999999,-999999,5,4,999999,3,3,5,5,
-999999,3,3,999999,4,3,-999999,1,1,999999,1,999999,1,999999,5,999999,-999999,999999,3,3,4,4,-999999,5,5,999999,8,999999,-999999,7,2,999999,-999999,5,2,999999,-999999,2,4,3,3,5,-999999,5,5,999999,-999999,4,4,999999,
-999999,999999,-999999,999999,-999999,3,4,999999,-999999,999999,-999999,2,-999999,2,-999999,999999,-999999,999999,-999999,5,5,999999,-999999,5,5,999999,-999999,999999,-999999,999999,-999999,999999,8,999999,-999999,1,3,999999,-999999,1,-999999,999999,-999999,3,4,999999,-999999,5,3,999999,-999999,999999,-999999,999999,-999999,999999,-999999,999999,
-999999,999999,-999999,999999,-999999,999999,-999999,999999,-999999,999999,-999999,999999,-999999,999999,-999999,999999,-999999,999999,-999999,999999,-999999,999999,-999999,999999,-999999,999999,-999999,999999,-999999,999999,-999999,999999,