Depth: 2
Cost: 7.07407
Recursion Base: 2.65971
Invalid Count: 0
Starting Tree: Easy Tree
Initial Temperature: 1
Cooling Rate: 0.99999
Temperature Floor: 1e-05
Time: 1168 sec
5,
1,3,
2,0,4,8,
3,0,2,7,8,1,2,6,
-999999,4,4,7,4,7,3,8,7,2,8,0,1,0,7,999999,
-999999,6,-999999,3,8,8,-999999,3,8,8,6,4,6,999999,-999999,6,1,1,0,6,2,999999,6,0,1,999999,2,999999,
7,8,-999999,7,3,6,6,999999,-999999,8,4,6,6,999999,-999999,8,8,999999,4,999999,-999999,0,-999999,0,0,7,6,2,7,999999,7,999999,-999999,7,6,999999,7,999999,0,0,
-999999,8,7,999999,8,6,-999999,4,4,999999,3,999999,6,6,-999999,3,3,999999,4,999999,-999999,999999,-999999,6,-999999,3,1,2,-999999,6,-999999,7,6,999999,-999999,7,7,999999,2,999999,8,6,-999999,999999,-999999,7,-999999,6,-999999,1,1,999999,
-999999,999999,-999999,999999,-999999,6,8,999999,-999999,999999,-999999,3,-999999,4,-999999,7,7,999999,-999999,999999,-999999,4,-999999,3,-999999,999999,-999999,999999,-999999,2,1,999999,7,999999,6,999999,-999999,999999,-999999,999999,-999999,6,-999999,0,-999999,6,8,999999,-999999,999999,-999999,999999,-999999,999999,-999999,999999,
-999999,999999,-999999,999999,-999999,999999,-999999,999999,-999999,999999,-999999,999999,-999999,999999,-999999,999999,-999999,999999,-999999,999999,-999999,999999,-999999,999999,-999999,999999,-999999,999999,-999999,999999,-999999,999999,