Depth: 2
Cost: 7.07407
Recursion Base: 2.65971
Invalid Count: 0
Starting Tree: Random Tree
Initial Temperature: 1
Cooling Rate: 0.99999
Temperature Floor: 1e-05
Time: 1654 sec
6,
0,7,
8,8,8,5,
1,7,3,7,1,5,0,3,
-999999,2,2,5,4,2,4,2,0,5,2,3,2,2,4,999999,
-999999,4,-999999,1,2,3,-999999,5,1,5,5,3,1,999999,-999999,2,4,0,0,0,4,999999,3,1,1,999999,2,999999,
3,3,-999999,5,4,1,4,999999,-999999,2,-999999,5,4,999999,-999999,3,5,1,3,999999,-999999,3,-999999,3,2,3,3,1,1,999999,0,999999,-999999,4,4,999999,3,999999,1,1,
-999999,5,5,999999,4,3,-999999,3,3,999999,2,999999,1,999999,4,999999,-999999,999999,-999999,2,-999999,2,2,999999,4,5,4,4,-999999,0,-999999,4,4,999999,-999999,4,4,999999,4,999999,1,1,-999999,999999,-999999,3,-999999,4,-999999,0,0,999999,
-999999,999999,-999999,999999,-999999,3,4,999999,-999999,999999,-999999,4,-999999,1,-999999,999999,-999999,999999,1,999999,1,999999,-999999,999999,-999999,5,4,999999,-999999,5,5,999999,2,999999,3,999999,-999999,999999,-999999,999999,-999999,3,-999999,3,-999999,2,2,999999,-999999,999999,-999999,999999,-999999,999999,-999999,999999,
-999999,999999,-999999,999999,-999999,999999,-999999,999999,-999999,999999,-999999,999999,-999999,999999,-999999,999999,-999999,999999,-999999,999999,-999999,999999,-999999,999999,-999999,999999,-999999,999999,-999999,999999,-999999,999999,