Depth: 2
Cost: 7.07407
Recursion Base: 2.65971
Invalid Count: 0
Starting Tree: Random Tree
Initial Temperature: 1
Cooling Rate: 0.99999
Temperature Floor: 1e-05
Time: 1140 sec
7,
5,4,
4,3,3,6,
8,3,4,1,2,5,8,3,
-999999,6,6,1,8,1,6,2,1,1,1,8,0,3,5,999999,
-999999,2,-999999,8,2,0,-999999,6,0,2,0,8,0,999999,-999999,0,0,6,2,2,6,999999,2,2,5,999999,1,999999,
1,0,-999999,1,6,0,2,999999,-999999,1,6,2,0,999999,-999999,2,0,999999,8,999999,-999999,6,-999999,8,8,999999,-999999,0,0,6,2,999999,-999999,1,1,3,0,999999,0,0,
-999999,0,1,999999,2,2,-999999,8,8,999999,8,999999,2,2,-999999,8,6,999999,8,999999,-999999,999999,-999999,2,-999999,6,8,999999,6,999999,-999999,999999,-999999,8,-999999,8,8,999999,1,0,-999999,5,-999999,3,5,999999,1,1,-999999,2,2,999999,
-999999,999999,-999999,999999,-999999,0,0,999999,-999999,999999,-999999,6,-999999,6,-999999,0,0,999999,-999999,999999,-999999,8,-999999,6,-999999,999999,-999999,999999,-999999,999999,-999999,999999,6,999999,6,999999,-999999,999999,-999999,0,1,999999,3,999999,5,999999,-999999,999999,-999999,2,2,999999,-999999,999999,-999999,999999,
-999999,999999,-999999,999999,-999999,999999,-999999,999999,-999999,999999,-999999,999999,-999999,999999,-999999,999999,-999999,999999,-999999,999999,-999999,999999,-999999,999999,-999999,999999,-999999,999999,-999999,999999,-999999,999999,