Depth: 2
Cost: 7.07407
Recursion Base: 2.65971
Invalid Count: 0
Starting Tree: Random Tree
Initial Temperature: 1
Cooling Rate: 0.99999
Temperature Floor: 1e-05
Time: 1639 sec
7,
6,8,
0,8,6,4,
1,3,1,0,1,2,1,5,
-999999,2,4,2,0,4,5,2,2,4,3,0,5,2,3,999999,
-999999,3,-999999,5,1,4,-999999,2,3,3,4,4,1,999999,-999999,0,5,3,1,5,1,999999,0,3,0,999999,0,999999,
4,4,-999999,2,-999999,5,5,999999,-999999,4,-999999,5,5,0,2,3,3,999999,5,999999,-999999,5,-999999,3,5,2,5,0,4,999999,3,999999,-999999,2,2,999999,3,999999,2,2,
-999999,5,5,999999,1,999999,4,999999,-999999,999999,5,5,-999999,0,-999999,2,2,999999,-999999,1,2,999999,1,999999,4,4,4,3,-999999,2,-999999,0,0,999999,-999999,4,4,999999,1,999999,5,4,-999999,999999,-999999,0,-999999,5,-999999,1,1,999999,
-999999,999999,-999999,999999,-999999,999999,-999999,999999,-999999,3,3,999999,2,999999,0,999999,-999999,999999,-999999,999999,-999999,1,-999999,2,-999999,3,3,999999,-999999,3,4,999999,0,999999,2,999999,-999999,999999,-999999,999999,-999999,5,-999999,0,-999999,4,5,999999,-999999,999999,-999999,999999,-999999,999999,-999999,999999,
-999999,999999,-999999,999999,-999999,999999,-999999,999999,-999999,999999,-999999,999999,-999999,999999,-999999,999999,-999999,999999,-999999,999999,-999999,999999,-999999,999999,-999999,999999,-999999,999999,-999999,999999,-999999,999999,