Depth: 2
Cost: 7.08025
Recursion Base: 2.66087
Invalid Count: 0
Starting Tree: Easy Tree
Initial Temperature: 1
Cooling Rate: 0.999
Temperature Floor: 1e-16
Time: 54 sec
5,
4,4,
0,3,3,8,
2,7,8,1,7,6,2,7,
-999999,1,8,6,6,1,7,2,6,0,7,8,6,0,6,999999,
-999999,7,-999999,6,8,1,-999999,7,2,0,8,6,0,999999,-999999,8,1,8,1,8,7,999999,1,7,1,999999,0,999999,
8,6,-999999,2,-999999,2,2,999999,-999999,0,-999999,0,2,7,0,6,8,999999,8,999999,-999999,1,-999999,2,6,2,0,0,0,999999,0,999999,-999999,0,0,999999,6,999999,1,1,
-999999,6,8,999999,1,999999,1,999999,-999999,999999,1,2,-999999,7,-999999,7,6,999999,-999999,2,2,999999,2,999999,6,6,0,2,-999999,6,-999999,2,1,999999,-999999,2,2,999999,1,2,1,1,-999999,999999,-999999,1,-999999,7,-999999,2,2,999999,
-999999,999999,-999999,999999,-999999,999999,-999999,999999,-999999,2,1,999999,6,999999,6,999999,-999999,999999,-999999,999999,-999999,0,-999999,0,-999999,7,7,999999,-999999,2,0,999999,8,999999,1,999999,-999999,999999,-999999,999999,-999999,999999,-999999,2,1,999999,-999999,2,2,999999,-999999,999999,-999999,999999,-999999,999999,-999999,999999,
-999999,999999,-999999,999999,-999999,999999,-999999,999999,-999999,999999,-999999,999999,-999999,999999,-999999,999999,-999999,999999,-999999,999999,-999999,999999,-999999,999999,-999999,999999,-999999,999999,-999999,999999,-999999,999999,