Depth: 2
Cost: 7.08025
Recursion Base: 2.66087
Invalid Count: 0
Starting Tree: Random Tree
Initial Temperature: 1
Cooling Rate: 0.999
Temperature Floor: 1e-08
Time: 26 sec
7,
4,6,
6,5,8,4,
3,8,3,2,0,5,1,5,
-999999,5,5,2,8,0,1,1,2,4,3,4,0,2,3,999999,
-999999,1,-999999,3,1,1,-999999,6,1,1,8,0,0,999999,-999999,1,5,1,0,4,3,999999,3,2,0,999999,0,999999,
2,2,-999999,2,3,0,0,999999,-999999,1,6,2,2,999999,-999999,6,6,999999,6,999999,-999999,5,-999999,3,2,5,2,1,2,999999,2,999999,-999999,5,5,999999,5,999999,1,2,
-999999,0,0,999999,1,1,-999999,5,3,999999,3,999999,0,2,-999999,8,6,999999,8,999999,-999999,999999,-999999,8,-999999,8,3,3,-999999,2,-999999,5,3,999999,-999999,1,2,999999,0,0,0,1,-999999,999999,-999999,3,-999999,3,-999999,2,1,999999,
-999999,999999,-999999,999999,-999999,0,0,999999,-999999,999999,-999999,5,-999999,5,-999999,2,0,999999,-999999,999999,-999999,8,-999999,6,-999999,999999,-999999,999999,-999999,4,4,999999,1,999999,3,999999,-999999,999999,-999999,999999,-999999,999999,-999999,1,1,999999,-999999,1,0,999999,-999999,999999,-999999,999999,-999999,999999,-999999,999999,
-999999,999999,-999999,999999,-999999,999999,-999999,999999,-999999,999999,-999999,999999,-999999,999999,-999999,999999,-999999,999999,-999999,999999,-999999,999999,-999999,999999,-999999,999999,-999999,999999,-999999,999999,-999999,999999,