Depth: 2
Cost: 7.09259
Recursion Base: 2.66319
Invalid Count: 0
Starting Tree: Easy Tree
Initial Temperature: 1
Cooling Rate: 0.9999
Temperature Floor: 0.0001
Time: 208 sec
8,
1,7,
2,7,6,5,
7,0,5,6,4,0,2,3,
-999999,6,6,4,4,3,4,2,3,0,2,2,0,1,4,999999,
-999999,4,-999999,7,5,5,-999999,3,4,2,5,2,0,999999,-999999,5,2,2,4,1,1,999999,3,4,0,999999,0,999999,
5,5,-999999,3,6,3,3,999999,-999999,2,-999999,2,0,999999,-999999,3,0,3,3,999999,-999999,1,-999999,1,1,3,5,5,4,999999,4,999999,-999999,4,1,1,3,999999,1,1,
-999999,3,3,999999,4,4,-999999,7,7,999999,6,999999,0,999999,0,999999,-999999,999999,-999999,2,-999999,3,5,999999,5,4,0,2,-999999,3,-999999,3,5,999999,-999999,3,3,999999,3,3,3,5,-999999,999999,-999999,999999,3,999999,-999999,4,-999999,2,2,999999,
-999999,999999,-999999,999999,-999999,5,5,999999,-999999,999999,-999999,6,-999999,7,-999999,999999,-999999,999999,0,999999,5,999999,-999999,999999,-999999,4,5,999999,-999999,2,0,999999,5,999999,5,999999,-999999,999999,-999999,999999,-999999,999999,-999999,5,5,999999,-999999,5,3,999999,-999999,999999,-999999,999999,-999999,999999,-999999,999999,
-999999,999999,-999999,999999,-999999,999999,-999999,999999,-999999,999999,-999999,999999,-999999,999999,-999999,999999,-999999,999999,-999999,999999,-999999,999999,-999999,999999,-999999,999999,-999999,999999,-999999,999999,-999999,999999,