Depth: 2
Cost: 7.10494
Recursion Base: 2.66551
Invalid Count: 0
Starting Tree: Random Tree
Initial Temperature: 1
Cooling Rate: 0.999
Temperature Floor: 1e-07
Time: 23 sec
8,
6,7,
3,1,2,0,
5,5,7,7,6,6,5,2,
-999999,4,4,1,0,5,5,2,0,4,3,0,4,2,1,999999,
-999999,0,-999999,2,0,2,-999999,2,3,4,3,4,0,999999,-999999,1,5,3,4,1,1,999999,1,3,3,1,5,999999,
1,1,1,0,-999999,2,0,999999,-999999,5,2,4,3,999999,-999999,4,3,0,3,999999,-999999,3,0,3,5,999999,-999999,5,0,4,5,999999,-999999,2,1,999999,4,999999,3,999999,3,4,
-999999,2,2,999999,-999999,0,1,999999,-999999,999999,-999999,999999,3,3,-999999,0,2,999999,0,999999,-999999,2,-999999,0,2,999999,4,5,5,5,-999999,1,1,999999,0,999999,-999999,0,-999999,5,5,999999,4,4,-999999,999999,-999999,2,-999999,999999,4,999999,-999999,4,3,999999,
-999999,999999,-999999,999999,-999999,999999,-999999,999999,-999999,4,4,999999,-999999,999999,-999999,0,-999999,2,0,999999,2,999999,-999999,999999,-999999,5,4,999999,-999999,4,4,999999,-999999,999999,-999999,0,-999999,1,1,999999,4,999999,-999999,999999,-999999,3,3,999999,-999999,999999,-999999,999999,-999999,999999,-999999,999999,
-999999,999999,-999999,999999,-999999,999999,-999999,999999,-999999,999999,-999999,999999,-999999,999999,-999999,999999,-999999,999999,-999999,999999,-999999,999999,-999999,999999,-999999,999999,-999999,999999,-999999,999999,-999999,999999,