Depth: 2
Cost: 7.11111
Recursion Base: 2.66667
Invalid Count: 0
Starting Tree: Naive Random Tree
Initial Temperature: 1
Cooling Rate: 0.999
Temperature Floor: 1e-16
Time: 56 sec
0,
1,1,
3,2,2,3,
4,4,3,3,3,3,4,4,
-999999,5,5,6,4,4,4,4,4,4,4,4,6,5,5,999999,
-999999,6,-999999,6,7,7,-999999,5,5,6,6,5,5,999999,-999999,5,5,6,6,5,5,999999,7,7,6,999999,6,999999,
7,7,7,7,-999999,8,8,999999,-999999,6,-999999,6,7,7,7,7,6,999999,6,999999,-999999,6,-999999,6,7,7,7,7,6,999999,6,999999,-999999,8,8,999999,7,7,7,7,
-999999,8,8,999999,-999999,8,8,999999,-999999,999999,-999999,999999,7,7,7,7,-999999,8,8,999999,-999999,8,8,999999,7,7,7,7,7,7,7,7,-999999,8,8,999999,-999999,8,8,999999,7,7,7,7,-999999,999999,-999999,999999,-999999,8,8,999999,-999999,8,8,999999,
-999999,999999,-999999,999999,-999999,999999,-999999,999999,-999999,8,8,999999,-999999,8,8,999999,-999999,999999,-999999,999999,-999999,999999,-999999,999999,-999999,8,8,999999,-999999,8,8,999999,-999999,8,8,999999,-999999,8,8,999999,-999999,999999,-999999,999999,-999999,999999,-999999,999999,-999999,8,8,999999,-999999,8,8,999999,-999999,999999,-999999,999999,-999999,999999,-999999,999999,
-999999,999999,-999999,999999,-999999,999999,-999999,999999,-999999,999999,-999999,999999,-999999,999999,-999999,999999,-999999,999999,-999999,999999,-999999,999999,-999999,999999,-999999,999999,-999999,999999,-999999,999999,-999999,999999,