Depth: 2
Cost: 7.11111
Recursion Base: 2.66667
Invalid Count: 0
Starting Tree: Random Tree
Initial Temperature: 1
Cooling Rate: 0.999
Temperature Floor: 1e-05
Time: 19 sec
8,
7,6,
3,5,7,1,
5,0,3,3,5,4,3,0,
-999999,4,2,5,6,4,6,6,4,2,3,3,5,4,2,999999,
-999999,2,-999999,1,4,1,-999999,0,6,6,4,4,0,999999,-999999,3,0,0,0,5,5,999999,7,4,5,999999,4,999999,
0,0,-999999,4,-999999,2,2,999999,1,2,-999999,1,1,999999,-999999,2,0,999999,2,2,-999999,1,-999999,1,1,4,2,1,0,999999,0,999999,0,0,2,999999,0,999999,5,3,
-999999,1,1,999999,5,999999,1,999999,-999999,999999,-999999,2,1,999999,2,0,0,0,1,1,2,1,-999999,1,1,999999,2,0,-999999,3,-999999,4,3,999999,-999999,1,2,999999,1,1,1,1,-999999,2,-999999,2,-999999,0,-999999,2,-999999,3,5,999999,
-999999,999999,-999999,999999,-999999,999999,-999999,999999,-999999,999999,-999999,999999,-999999,0,2,999999,-999999,2,2,999999,-999999,0,0,999999,-999999,1,2,999999,-999999,999999,-999999,999999,-999999,0,2,999999,4,999999,3,999999,-999999,999999,-999999,999999,-999999,999999,-999999,2,2,999999,-999999,2,2,999999,-999999,999999,-999999,999999,-999999,999999,-999999,999999,-999999,999999,-999999,999999,
-999999,999999,-999999,999999,-999999,999999,-999999,999999,-999999,999999,-999999,999999,-999999,999999,-999999,999999,-999999,999999,-999999,999999,-999999,999999,-999999,999999,-999999,999999,-999999,999999,-999999,999999,-999999,999999,