Depth: 2
Cost: 7.12346
Recursion Base: 2.66898
Invalid Count: 0
Starting Tree: Random Tree
Initial Temperature: 1
Cooling Rate: 0.999
Temperature Floor: 1e-05
Time: 19 sec
1,
5,5,
3,0,3,3,
0,4,4,2,8,8,4,0,
-999999,2,0,7,3,6,6,4,7,7,4,0,0,2,2,999999,
-999999,7,-999999,2,0,8,-999999,8,8,7,7,4,3,999999,-999999,6,6,2,6,2,2,7,2,8,0,999999,8,999999,
8,6,-999999,6,8,2,6,999999,7,7,-999999,7,8,999999,-999999,8,3,7,6,999999,-999999,2,-999999,0,0,999999,-999999,7,0,999999,4,7,6,999999,-999999,7,7,7,7,999999,7,6,
-999999,6,8,999999,7,7,-999999,6,6,999999,0,999999,-999999,6,6,999999,-999999,999999,-999999,999999,-999999,3,-999999,7,8,999999,8,7,0,999999,2,999999,-999999,999999,-999999,2,6,999999,-999999,7,4,999999,4,999999,8,8,-999999,6,6,999999,8,8,-999999,6,7,999999,
-999999,999999,-999999,999999,-999999,8,8,999999,-999999,999999,-999999,8,-999999,2,-999999,999999,-999999,999999,4,999999,8,999999,-999999,999999,-999999,7,8,999999,-999999,999999,-999999,999999,0,999999,-999999,7,6,999999,6,999999,-999999,999999,-999999,6,6,999999,-999999,999999,-999999,999999,-999999,6,6,999999,-999999,999999,-999999,999999,
-999999,999999,-999999,999999,-999999,999999,-999999,999999,-999999,999999,-999999,999999,-999999,999999,-999999,999999,-999999,999999,-999999,999999,-999999,999999,-999999,999999,-999999,999999,-999999,999999,-999999,999999,-999999,999999,