Depth: 2
Cost: 7.1358
Recursion Base: 2.67129
Invalid Count: 0
Starting Tree: Random Tree
Initial Temperature: 1
Cooling Rate: 0.999
Temperature Floor: 1e-06
Time: 18 sec
3,
8,7,
7,0,0,4,
4,4,5,5,1,5,8,8,
-999999,5,6,5,6,4,6,6,6,2,4,1,5,5,6,999999,
-999999,0,-999999,2,6,6,2,2,1,7,7,2,4,2,-999999,8,6,4,6,2,2,999999,6,6,2,999999,2,999999,
1,1,0,1,-999999,1,1,999999,-999999,7,-999999,1,-999999,2,6,999999,-999999,2,1,999999,7,7,4,999999,-999999,4,-999999,8,5,999999,-999999,8,1,999999,6,999999,-999999,0,0,999999,0,1,0,0,
-999999,2,2,999999,-999999,1,0,999999,0,2,0,0,-999999,1,-999999,999999,-999999,7,1,999999,1,999999,-999999,999999,-999999,2,2,999999,1,999999,5,999999,-999999,5,8,999999,-999999,2,8,999999,-999999,8,1,2,1,2,-999999,1,0,999999,-999999,1,1,999999,
-999999,999999,-999999,999999,-999999,999999,-999999,999999,-999999,2,0,999999,-999999,2,2,999999,-999999,999999,6,999999,-999999,2,-999999,999999,1,999999,1,999999,-999999,999999,-999999,999999,4,999999,-999999,6,1,999999,-999999,6,-999999,999999,-999999,2,1,999999,-999999,2,1,999999,-999999,999999,-999999,999999,-999999,999999,-999999,999999,
-999999,999999,-999999,999999,-999999,999999,-999999,999999,-999999,999999,-999999,999999,-999999,999999,-999999,999999,-999999,999999,-999999,999999,-999999,999999,-999999,999999,-999999,999999,-999999,999999,-999999,999999,-999999,999999,