Depth: 2
Cost: 7.15432
Recursion Base: 2.67476
Invalid Count: 0
Starting Tree: Easy Tree
Initial Temperature: 1
Cooling Rate: 0.999
Temperature Floor: 1e-06
Time: 28 sec
5,
0,0,
3,1,4,2,
2,4,2,3,2,8,8,3,
-999999,1,2,2,4,4,6,4,6,1,2,7,1,7,4,999999,
-999999,7,-999999,1,8,1,-999999,3,7,3,8,7,6,999999,3,3,3,3,7,1,6,999999,7,3,6,3,8,999999,
8,6,-999999,8,6,7,7,999999,-999999,8,6,6,6,999999,-999999,7,8,999999,8,7,-999999,8,-999999,7,-999999,7,7,999999,-999999,6,6,999999,1,999999,-999999,6,4,999999,1,3,4,999999,7,7,
-999999,6,8,999999,7,7,-999999,7,6,999999,6,6,6,7,-999999,8,8,999999,8,8,-999999,999999,-999999,999999,-999999,7,8,999999,-999999,7,8,999999,6,6,6,8,-999999,999999,-999999,7,-999999,2,-999999,4,6,999999,-999999,3,1,999999,1,999999,-999999,6,6,999999,
-999999,999999,-999999,999999,-999999,6,6,999999,-999999,999999,-999999,999999,-999999,8,8,999999,-999999,7,6,999999,-999999,999999,-999999,999999,-999999,7,7,999999,-999999,999999,-999999,999999,-999999,999999,-999999,999999,-999999,8,8,999999,-999999,8,6,999999,-999999,999999,-999999,999999,3,999999,-999999,7,4,999999,4,999999,-999999,999999,-999999,999999,-999999,999999,
-999999,999999,-999999,999999,-999999,999999,-999999,999999,-999999,999999,-999999,999999,-999999,999999,-999999,999999,-999999,999999,-999999,999999,-999999,999999,-999999,999999,-999999,999999,-999999,999999,-999999,999999,-999999,999999,