Depth: 2
Cost: 7.15432
Recursion Base: 2.67476
Invalid Count: 0
Starting Tree: Easy Tree
Initial Temperature: 1
Cooling Rate: 0.999
Temperature Floor: 0.0001
Time: 13 sec
6,
7,2,
4,8,1,0,
5,1,1,0,3,0,1,8,
-999999,3,2,3,0,4,4,2,5,8,7,7,4,8,7,999999,
-999999,1,-999999,0,2,0,-999999,2,3,3,3,5,1,999999,-999999,4,5,4,8,5,8,999999,3,3,7,999999,5,999999,
0,0,-999999,3,0,0,2,999999,-999999,3,-999999,5,0,0,2,5,3,999999,5,999999,-999999,8,4,7,5,999999,-999999,4,3,4,4,999999,-999999,8,5,8,5,999999,4,3,
-999999,2,2,999999,5,999999,-999999,5,8,8,-999999,999999,4,4,-999999,2,5,5,2,999999,-999999,1,1,999999,2,999999,4,4,7,999999,-999999,7,-999999,999999,-999999,999999,5,5,-999999,4,3,999999,3,5,7,5,-999999,8,7,999999,3,4,-999999,3,4,999999,
-999999,999999,-999999,999999,-999999,999999,-999999,999999,5,5,5,5,-999999,5,5,999999,0,999999,-999999,2,-999999,999999,-999999,999999,-999999,999999,-999999,2,-999999,1,-999999,3,3,999999,-999999,999999,-999999,999999,-999999,3,3,999999,-999999,999999,-999999,999999,-999999,5,3,999999,-999999,5,-999999,999999,7,999999,-999999,999999,-999999,4,3,999999,-999999,999999,-999999,999999,
-999999,999999,-999999,999999,-999999,999999,-999999,999999,-999999,999999,-999999,999999,-999999,999999,-999999,999999,-999999,999999,-999999,999999,-999999,999999,-999999,999999,-999999,999999,-999999,999999,-999999,999999,-999999,999999,-999999,999999,-999999,999999,-999999,999999,-999999,999999,