Depth: 2
Cost: 7.16049
Recursion Base: 2.67591
Invalid Count: 0
Starting Tree: Random Tree
Initial Temperature: 1
Cooling Rate: 0.999
Temperature Floor: 1e-05
Time: 18 sec
0,
3,6,
6,7,4,7,
7,2,6,5,5,1,8,3,
2,8,4,1,1,8,4,6,8,3,2,3,5,2,1,5,
-999999,4,2,1,-999999,5,4,8,-999999,2,2,5,1,8,8,999999,-999999,7,7,1,8,5,5,999999,3,3,1,999999,2,999999,1,999999,
-999999,1,-999999,4,4,2,-999999,7,-999999,5,7,999999,-999999,5,-999999,1,4,999999,-999999,2,6,999999,2,999999,-999999,1,-999999,8,2,999999,-999999,7,3,999999,7,999999,-999999,4,4,2,5,999999,4,999999,2,999999,
-999999,5,-999999,5,-999999,5,5,999999,8,999999,-999999,8,4,999999,4,999999,-999999,4,2,999999,-999999,8,2,999999,-999999,1,2,999999,-999999,2,7,999999,-999999,3,8,999999,-999999,8,-999999,2,-999999,1,1,999999,4,3,-999999,5,4,999999,
-999999,999999,-999999,1,-999999,999999,-999999,4,-999999,999999,7,999999,-999999,5,-999999,999999,5,999999,-999999,1,6,999999,-999999,1,-999999,999999,-999999,999999,1,999999,-999999,8,5,999999,-999999,7,-999999,999999,1,999999,2,999999,-999999,999999,-999999,3,4,999999,-999999,999999,-999999,999999,
-999999,999999,-999999,999999,-999999,999999,-999999,999999,-999999,999999,-999999,999999,-999999,999999,-999999,999999,-999999,999999,-999999,999999,-999999,999999,-999999,999999,-999999,999999,-999999,999999,-999999,999999,-999999,999999,