Depth: 2
Cost: 7.16049
Recursion Base: 2.67591
Invalid Count: 0
Starting Tree: Random Tree
Initial Temperature: 1
Cooling Rate: 0.999
Temperature Floor: 1e-09
Time: 29 sec
2,
0,8,
7,4,7,7,
6,6,7,1,4,5,6,1,
-999999,8,8,4,3,1,3,3,3,5,6,0,5,1,0,999999,
-999999,3,-999999,5,5,5,6,1,5,8,5,6,5,999999,-999999,5,3,0,3,0,1,3,3,1,0,999999,4,999999,
4,5,4,3,-999999,3,3,999999,-999999,8,6,5,-999999,3,6,999999,-999999,8,8,7,7,999999,-999999,1,-999999,0,1,999999,-999999,4,1,999999,6,3,4,999999,-999999,4,0,3,4,999999,3,3,
-999999,5,4,999999,-999999,3,4,999999,-999999,999999,-999999,999999,-999999,1,-999999,8,8,999999,-999999,8,3,999999,6,6,-999999,7,8,999999,8,8,0,999999,1,999999,-999999,999999,-999999,1,4,999999,-999999,3,6,999999,6,999999,-999999,1,-999999,4,4,999999,5,3,-999999,5,5,999999,
-999999,999999,-999999,999999,-999999,999999,-999999,999999,-999999,999999,-999999,5,-999999,6,6,999999,-999999,5,-999999,7,7,999999,-999999,999999,-999999,999999,-999999,6,6,999999,-999999,999999,-999999,999999,0,999999,-999999,3,4,999999,4,999999,-999999,999999,0,999999,3,999999,-999999,999999,-999999,3,5,999999,-999999,999999,-999999,999999,
-999999,999999,-999999,999999,-999999,999999,-999999,999999,-999999,999999,-999999,999999,-999999,999999,-999999,999999,-999999,999999,-999999,999999,-999999,999999,-999999,999999,-999999,999999,-999999,999999,-999999,999999,-999999,999999,