Depth: 2
Cost: 7.25926
Recursion Base: 2.69430
Invalid Count: 0
Starting Tree: Random Tree
Initial Temperature: 1
Cooling Rate: 0.999
Temperature Floor: 0.0001
Time: 13 sec
3,
0,7,
5,5,0,6,
1,2,8,1,4,5,5,5,
-999999,2,8,1,7,1,4,6,8,8,4,1,8,2,4,999999,
-999999,6,7,4,4,4,-999999,6,2,2,2,2,4,4,5,2,1,6,6,1,2,999999,4,4,8,0,2,999999,
7,8,-999999,6,-999999,6,-999999,6,6,999999,-999999,1,-999999,7,7,4,-999999,8,8,999999,8,999999,7,999999,-999999,2,6,5,-999999,2,1,999999,-999999,2,2,999999,6,999999,-999999,1,0,999999,4,999999,1,999999,1,1,
-999999,8,7,999999,-999999,4,7,999999,8,8,7,8,2,999999,6,999999,6,999999,6,6,6,6,7,7,-999999,7,8,999999,-999999,1,-999999,5,1,1,-999999,999999,-999999,2,8,8,8,999999,-999999,8,0,2,1,1,0,0,8,999999,-999999,8,0,999999,
-999999,999999,-999999,999999,-999999,999999,-999999,999999,-999999,7,7,999999,-999999,8,7,999999,-999999,999999,-999999,999999,-999999,999999,7,999999,7,999999,-999999,7,7,999999,-999999,6,6,999999,-999999,999999,-999999,999999,-999999,999999,-999999,999999,-999999,6,6,999999,-999999,999999,-999999,1,-999999,999999,-999999,6,-999999,999999,-999999,2,0,999999,-999999,2,2,999999,-999999,1,-999999,1,-999999,999999,0,0,-999999,999999,
-999999,999999,-999999,999999,-999999,999999,-999999,999999,-999999,999999,-999999,999999,-999999,999999,-999999,999999,-999999,999999,-999999,999999,-999999,999999,-999999,999999,-999999,999999,-999999,999999,-999999,999999,-999999,999999,-999999,999999,-999999,999999,-999999,999999,-999999,999999,-999999,999999,-999999,999999,