Depth: 2
Cost: 7.56173
Recursion Base: 2.74986
Invalid Count: 0
Starting Tree: Eval Random Tree
Initial Temperature: 1
Cooling Rate: 0.9999
Temperature Floor: 0.001
Time: 110 sec
0,
1,1,
7,2,2,6,
2,6,4,5,8,4,2,2,
6,8,3,3,5,8,7,4,7,6,5,3,5,5,7,7,
-999999,3,-999999,6,8,8,5,5,-999999,8,7,7,4,8,8,999999,-999999,6,7,4,6,3,5,999999,3,7,7,3,8,999999,5,999999,
4,5,-999999,4,-999999,5,-999999,5,-999999,4,4,999999,3,6,-999999,5,3,3,8,6,6,999999,7,6,-999999,4,-999999,4,5,3,8,7,7,999999,6,999999,7,8,4,3,3,3,8,999999,5,999999,8,8,
-999999,8,4,4,3,5,-999999,2,4,999999,-999999,999999,-999999,999999,-999999,6,3,3,3,6,6,5,6,999999,-999999,6,8,8,3,999999,6,3,3,999999,3,3,5,3,-999999,3,5,999999,-999999,3,8,999999,8,8,8,7,-999999,8,4,4,3,999999,8,999999,-999999,4,4,4,7,4,4,3,3,999999,3,999999,
-999999,5,-999999,8,8,8,-999999,5,3,999999,4,4,-999999,999999,-999999,7,-999999,7,-999999,999999,-999999,6,-999999,999999,-999999,5,6,6,5,5,-999999,999999,3,3,3,999999,-999999,4,3,3,6,999999,7,999999,-999999,5,5,999999,-999999,3,5,999999,-999999,999999,-999999,999999,7,7,-999999,999999,-999999,6,6,999999,-999999,7,8,999999,-999999,999999,-999999,999999,7,999999,-999999,999999,4,999999,-999999,999999,8,8,8,999999,4,4,7,999999,-999999,3,4,999999,-999999,4,4,999999,
-999999,999999,-999999,999999,-999999,999999,-999999,999999,-999999,999999,-999999,999999,-999999,999999,-999999,999999,-999999,999999,-999999,999999,-999999,999999,-999999,999999,-999999,999999,-999999,999999,-999999,999999,-999999,999999,-999999,999999,-999999,999999,-999999,999999,-999999,999999,-999999,999999,-999999,999999,-999999,999999,-999999,999999,-999999,999999,-999999,999999,-999999,999999,-999999,999999,-999999,999999,-999999,999999,-999999,999999,-999999,999999,-999999,999999,-999999,999999,-999999,999999,-999999,999999,-999999,999999,-999999,999999,-999999,999999,-999999,999999,-999999,999999,-999999,999999,-999999,999999,-999999,999999,-999999,999999,-999999,999999,