Depth: 2
Cost: 7.58025
Recursion Base: 2.75322
Invalid Count: 0
Starting Tree: Eval Random Tree
Initial Temperature: 1
Cooling Rate: 0.999
Temperature Floor: 0.001
Time: 11 sec
3,
8,2,
4,6,1,4,
6,5,2,1,7,0,5,7,
-999999,7,1,6,5,4,2,0,4,5,4,5,6,1,1,6,
-999999,2,2,0,7,7,7,1,0,1,0,0,4,999999,8,5,4,6,5,7,4,999999,0,0,6,999999,0,999999,8,999999,
1,0,-999999,6,2,7,0,2,2,999999,-999999,4,4,4,7,7,5,7,5,4,4,999999,5,5,-999999,6,6,0,-999999,6,0,999999,-999999,6,6,6,7,999999,1,8,7,8,0,7,8,999999,1,999999,
-999999,0,5,999999,-999999,7,-999999,6,-999999,6,2,1,0,1,0,1,0,0,-999999,7,7,7,-999999,1,-999999,999999,0,7,0,999999,-999999,7,-999999,5,-999999,5,2,7,7,999999,-999999,5,-999999,0,8,8,8,999999,8,8,7,7,-999999,5,5,999999,8,6,-999999,7,-999999,7,1,1,7,999999,8,999999,8,999999,-999999,6,0,999999,
-999999,999999,1,1,-999999,0,-999999,7,-999999,999999,-999999,1,2,999999,-999999,1,0,999999,-999999,1,0,999999,-999999,1,-999999,1,-999999,999999,-999999,0,0,999999,-999999,999999,-999999,7,0,999999,5,5,4,4,-999999,999999,-999999,999999,-999999,999999,2,2,2,2,-999999,999999,8,8,-999999,6,-999999,6,-999999,999999,-999999,999999,-999999,999999,-999999,8,8,999999,8,8,8,8,-999999,6,8,999999,-999999,8,-999999,999999,-999999,8,-999999,999999,-999999,999999,-999999,7,0,999999,-999999,999999,-999999,999999,
-999999,999999,-999999,999999,-999999,999999,-999999,999999,-999999,999999,-999999,999999,-999999,999999,-999999,999999,-999999,999999,-999999,999999,-999999,999999,-999999,999999,-999999,999999,-999999,999999,-999999,999999,-999999,999999,-999999,999999,-999999,999999,-999999,999999,-999999,999999,-999999,999999,-999999,999999,-999999,999999,-999999,999999,-999999,999999,-999999,999999,-999999,999999,-999999,999999,-999999,999999,-999999,999999,-999999,999999,-999999,999999,-999999,999999,-999999,999999,-999999,999999,-999999,999999,-999999,999999,-999999,999999,-999999,999999,-999999,999999,