Depth: 2
Cost: 7.6358
Recursion Base: 2.7633
Invalid Count: 0
Starting Tree: Eval Random Tree
Initial Temperature: 1
Cooling Rate: 0.999
Temperature Floor: 0.001
Time: 10 sec
0,
1,1,
8,2,2,7,
4,6,6,7,5,7,8,3,
5,7,2,3,8,8,8,8,3,7,8,6,4,2,6,8,
-999999,3,-999999,5,5,3,4,4,-999999,7,5,7,3,6,6,999999,-999999,8,4,4,5,3,8,999999,6,3,4,6,8,999999,5,999999,
-999999,6,6,6,3,7,7,7,-999999,7,5,999999,-999999,5,7,7,4,3,5,5,4,999999,3,999999,6,6,3,3,6,8,3,4,4,5,3,999999,5,5,5,999999,6,3,5,999999,2,999999,4,999999,
-999999,2,-999999,2,-999999,999999,-999999,4,-999999,4,-999999,5,-999999,4,5,2,-999999,999999,4,4,-999999,3,-999999,4,5,5,4,4,-999999,4,6,999999,3,5,4,4,-999999,4,4,4,-999999,6,8,8,3,3,3,999999,-999999,4,6,999999,6,5,6,999999,4,5,-999999,3,-999999,2,-999999,999999,5,999999,6,999999,3,3,4,4,6,999999,
7,7,3,3,-999999,7,3,999999,-999999,4,5,999999,-999999,999999,5,5,-999999,3,3,999999,-999999,4,3,999999,-999999,3,3,999999,-999999,5,5,999999,-999999,999999,4,4,-999999,5,3,999999,-999999,5,5,999999,-999999,7,-999999,7,-999999,999999,-999999,8,-999999,6,-999999,6,-999999,8,-999999,999999,6,6,-999999,999999,3,3,-999999,999999,6,999999,4,999999,-999999,5,4,999999,-999999,999999,3,3,-999999,3,5,999999,-999999,4,4,999999,-999999,5,-999999,5,-999999,999999,
-999999,999999,-999999,999999,-999999,999999,-999999,999999,-999999,999999,-999999,999999,-999999,999999,-999999,999999,-999999,999999,-999999,999999,-999999,999999,-999999,999999,-999999,999999,-999999,999999,-999999,999999,-999999,999999,-999999,999999,-999999,999999,-999999,999999,-999999,999999,-999999,999999,-999999,999999,-999999,999999,-999999,999999,-999999,999999,-999999,999999,-999999,999999,-999999,999999,-999999,999999,-999999,999999,-999999,999999,-999999,999999,-999999,999999,-999999,999999,-999999,999999,-999999,999999,-999999,999999,-999999,999999,-999999,999999,-999999,999999,-999999,999999,-999999,999999,-999999,999999,-999999,999999,-999999,999999,-999999,999999,