Depth: 2
Cost: 7.05556
Recursion Base: 2.65623
Invalid Count: 0
Starting Tree: Random Tree
Initial Temperature: 0.5
Cooling Rate: 0.9992
Temperature Floor: 1e-14
Time: 15 sec
0,
6,7,
1,3,5,2,
7,2,5,7,6,3,8,6,
-999999,8,8,3,2,4,8,4,4,8,4,1,6,1,8,999999,
-999999,3,-999999,7,8,5,-999999,1,2,7,2,4,5,999999,-999999,3,3,2,8,2,2,999999,1,1,3,999999,4,999999,
4,4,-999999,4,5,7,4,999999,-999999,7,-999999,1,8,999999,-999999,1,5,999999,1,999999,-999999,2,-999999,4,1,999999,-999999,6,1,999999,6,999999,-999999,5,4,999999,4,4,3,5,
-999999,5,5,999999,5,5,-999999,4,4,999999,8,999999,8,999999,-999999,8,2,999999,-999999,5,1,999999,-999999,2,1,999999,-999999,1,4,999999,-999999,2,6,999999,-999999,8,3,4,5,5,-999999,5,5,999999,-999999,5,3,999999,
-999999,999999,-999999,999999,-999999,3,3,999999,-999999,999999,-999999,5,-999999,7,-999999,999999,7,999999,-999999,1,4,999999,-999999,2,-999999,999999,-999999,999999,2,999999,-999999,3,1,999999,-999999,8,-999999,999999,-999999,4,3,999999,-999999,3,3,999999,-999999,999999,-999999,999999,-999999,999999,-999999,999999,
-999999,999999,-999999,999999,-999999,999999,-999999,999999,-999999,999999,-999999,999999,-999999,999999,-999999,999999,-999999,999999,-999999,999999,-999999,999999,-999999,999999,-999999,999999,-999999,999999,-999999,999999,-999999,999999,