Depth: 2
Cost: 7.0679
Recursion Base: 2.65855
Invalid Count: 0
Starting Tree: Random Tree
Initial Temperature: 0.5
Cooling Rate: 0.9992
Temperature Floor: 1e-14
Time: 16 sec
3,
8,4,
4,1,5,6,
6,7,2,7,8,2,1,7,
-999999,7,5,6,5,0,6,2,7,1,8,0,8,0,8,999999,
-999999,0,-999999,2,5,5,-999999,4,5,7,5,0,0,999999,-999999,6,2,0,1,7,1,999999,2,7,2,999999,1,999999,
2,2,1,1,-999999,0,1,999999,-999999,7,-999999,4,6,999999,-999999,4,2,999999,5,999999,-999999,1,-999999,0,2,6,6,0,6,999999,6,999999,-999999,0,0,999999,8,999999,2,0,
-999999,1,1,999999,-999999,0,0,999999,2,1,2,2,6,999999,-999999,6,5,999999,-999999,0,4,999999,-999999,4,0,0,-999999,6,-999999,7,7,999999,-999999,7,7,999999,0,999999,7,7,-999999,999999,-999999,2,-999999,7,-999999,0,2,999999,
-999999,999999,-999999,999999,-999999,999999,-999999,999999,-999999,1,2,999999,-999999,0,0,999999,-999999,999999,7,999999,-999999,4,2,999999,-999999,5,-999999,999999,-999999,2,2,999999,7,999999,6,999999,-999999,999999,-999999,999999,-999999,6,-999999,1,-999999,8,8,999999,-999999,999999,-999999,999999,-999999,999999,-999999,999999,
-999999,999999,-999999,999999,-999999,999999,-999999,999999,-999999,999999,-999999,999999,-999999,999999,-999999,999999,-999999,999999,-999999,999999,-999999,999999,-999999,999999,-999999,999999,-999999,999999,-999999,999999,-999999,999999,