Depth: 2
Cost: 7.08025
Recursion Base: 2.66087
Invalid Count: 0
Starting Tree: Random Tree
Initial Temperature: 0.5
Cooling Rate: 0.9992
Temperature Floor: 1e-14
Time: 15 sec
5,
2,1,
4,6,3,4,
1,1,7,1,4,2,3,0,
-999999,0,3,0,3,8,0,8,0,8,7,0,2,2,2,999999,
-999999,6,-999999,6,3,3,-999999,4,3,1,3,8,7,999999,-999999,2,0,6,8,8,7,999999,0,6,0,999999,6,999999,
7,7,7,7,-999999,7,8,999999,-999999,0,-999999,4,0,999999,-999999,4,7,999999,3,999999,-999999,6,7,2,7,999999,-999999,6,6,999999,6,6,-999999,8,7,8,6,999999,7,7,
-999999,8,8,999999,-999999,8,8,999999,6,6,6,6,1,999999,-999999,1,3,999999,-999999,7,4,999999,-999999,4,8,7,-999999,6,7,999999,0,999999,-999999,999999,-999999,999999,-999999,8,8,999999,6,6,-999999,8,7,999999,7,8,-999999,8,8,999999,
-999999,999999,-999999,999999,-999999,999999,-999999,999999,-999999,8,8,999999,-999999,7,7,999999,-999999,999999,0,999999,-999999,4,8,999999,-999999,3,-999999,999999,-999999,7,8,999999,-999999,999999,-999999,6,-999999,2,-999999,999999,-999999,999999,-999999,7,7,999999,-999999,999999,-999999,999999,-999999,8,7,999999,-999999,999999,-999999,999999,
-999999,999999,-999999,999999,-999999,999999,-999999,999999,-999999,999999,-999999,999999,-999999,999999,-999999,999999,-999999,999999,-999999,999999,-999999,999999,-999999,999999,-999999,999999,-999999,999999,-999999,999999,-999999,999999,