Depth: 2
Cost: 7.08025
Recursion Base: 2.66087
Invalid Count: 0
Starting Tree: Random Tree
Initial Temperature: 0.5
Cooling Rate: 0.999
Temperature Floor: 1e-07
Time: 6 sec
3,
5,5,
6,4,4,6,
8,2,6,2,0,1,7,7,
-999999,7,0,1,8,1,6,0,1,8,8,2,1,8,8,999999,
-999999,0,-999999,1,0,8,-999999,7,2,8,8,8,1,999999,-999999,2,6,6,2,7,0,999999,0,0,2,999999,2,999999,
1,1,-999999,7,-999999,7,7,999999,-999999,0,-999999,0,7,0,1,7,7,999999,7,999999,-999999,8,-999999,7,7,1,6,0,6,999999,7,999999,-999999,2,2,999999,0,1,0,1,
-999999,2,2,999999,8,999999,8,999999,-999999,999999,2,1,-999999,7,-999999,2,2,999999,-999999,0,0,999999,0,999999,8,8,7,6,-999999,1,-999999,2,2,999999,-999999,7,7,999999,2,999999,6,8,-999999,999999,-999999,999999,-999999,1,0,999999,-999999,1,0,999999,
-999999,999999,-999999,999999,-999999,999999,-999999,999999,-999999,1,2,999999,8,999999,0,999999,-999999,999999,-999999,999999,-999999,1,-999999,1,-999999,6,6,999999,-999999,6,7,999999,2,999999,1,999999,-999999,999999,-999999,999999,-999999,6,-999999,0,-999999,8,6,999999,-999999,999999,-999999,999999,-999999,999999,-999999,999999,
-999999,999999,-999999,999999,-999999,999999,-999999,999999,-999999,999999,-999999,999999,-999999,999999,-999999,999999,-999999,999999,-999999,999999,-999999,999999,-999999,999999,-999999,999999,-999999,999999,-999999,999999,-999999,999999,