Depth: 2
Cost: 7.08642
Recursion Base: 2.66203
Invalid Count: 0
Starting Tree: Random Tree
Initial Temperature: 0.5
Cooling Rate: 0.9992
Temperature Floor: 1e-14
Time: 15 sec
7,
6,8,
2,2,3,0,
1,5,8,0,6,6,4,2,
-999999,0,3,3,1,0,8,8,5,2,0,5,1,3,1,999999,
-999999,5,-999999,4,4,0,-999999,0,3,1,1,1,3,999999,-999999,4,5,0,1,2,4,999999,5,2,5,999999,5,999999,
4,4,-999999,1,-999999,0,1,999999,-999999,5,5,5,5,999999,-999999,3,3,999999,5,5,-999999,2,1,4,1,999999,-999999,2,1,4,0,999999,-999999,3,5,999999,2,999999,4,4,
-999999,3,3,999999,0,999999,1,999999,-999999,999999,3,4,-999999,4,4,999999,4,4,4,4,4,4,-999999,4,4,999999,0,1,-999999,0,1,999999,4,999999,-999999,5,-999999,4,5,999999,2,1,-999999,999999,-999999,3,-999999,1,-999999,3,3,999999,
-999999,999999,-999999,999999,-999999,999999,-999999,999999,-999999,4,3,999999,-999999,999999,-999999,999999,-999999,3,3,999999,-999999,5,5,999999,-999999,5,5,999999,-999999,999999,-999999,999999,-999999,1,0,999999,-999999,999999,-999999,0,-999999,5,4,999999,5,999999,-999999,999999,-999999,1,2,999999,-999999,999999,-999999,999999,-999999,999999,-999999,999999,
-999999,999999,-999999,999999,-999999,999999,-999999,999999,-999999,999999,-999999,999999,-999999,999999,-999999,999999,-999999,999999,-999999,999999,-999999,999999,-999999,999999,-999999,999999,-999999,999999,-999999,999999,-999999,999999,