Depth: 2
Cost: 7.08642
Recursion Base: 2.66203
Invalid Count: 0
Starting Tree: Random Tree
Initial Temperature: 0.5
Cooling Rate: 0.9992
Temperature Floor: 1e-14
Time: 16 sec
3,
5,4,
0,4,1,8,
2,6,1,1,5,2,1,7,
-999999,1,8,2,2,6,2,0,0,8,0,5,2,2,6,999999,
-999999,7,-999999,7,1,8,-999999,0,8,2,8,0,2,999999,-999999,2,2,7,5,5,8,999999,7,0,0,999999,0,999999,
8,8,-999999,2,-999999,7,7,999999,-999999,6,-999999,7,0,7,6,6,8,999999,6,999999,-999999,8,7,0,6,999999,-999999,8,7,999999,6,6,-999999,6,7,999999,7,999999,1,1,
-999999,6,6,999999,1,999999,8,999999,-999999,999999,8,8,-999999,0,-999999,7,8,999999,-999999,7,7,999999,7,7,8,8,6,6,-999999,6,6,999999,2,999999,7,7,6,6,-999999,7,7,999999,-999999,999999,-999999,6,-999999,6,-999999,2,2,999999,
-999999,999999,-999999,999999,-999999,999999,-999999,999999,-999999,7,7,999999,2,999999,8,999999,-999999,999999,-999999,999999,-999999,999999,-999999,6,6,999999,-999999,7,7,999999,-999999,7,7,999999,-999999,999999,-999999,7,-999999,0,-999999,6,6,999999,-999999,8,8,999999,-999999,999999,-999999,999999,-999999,999999,-999999,999999,-999999,999999,-999999,999999,
-999999,999999,-999999,999999,-999999,999999,-999999,999999,-999999,999999,-999999,999999,-999999,999999,-999999,999999,-999999,999999,-999999,999999,-999999,999999,-999999,999999,-999999,999999,-999999,999999,-999999,999999,-999999,999999,